2.118021
1.571810
1.164561
2.107859
1.417377
1.844664
1.903010
1.189287
1.905015
0.948142
1.890416
1.136030
1.717367
1.865316
1.350651
1.499076
1.385021
1.159720
1.579573
0.871964
0.817810
0.939209
0.963023
0.538849
2.017165
1.254607
0.913918
0.877491
1.418409
1.081602
0.529399
2.158329
1.502850
0.992821
0.751939
1.499031
0.560347
0.695757
0.917534
1.405003
1.128030
0.359369
0.826175
1.646359
1.007637
0.679088
0.646400
0.423799
0.817536
0.424482
0.475863
0.467013
0.503141
0.321242
0.967213
0.883523
0.906890
0.363609
0.630238
0.647574
1.415704
1.364950
1.080004
0.454678
1.123129
0.592415
0.829294
1.058273
0.436740
0.220098
0.520498
0.520338
0.800692
0.755284
0.721628
0.805858
0.464049
0.619234
1.353883
0.749246
0.517012
0.933209
0.526538
0.997599
1.185304
1.547065
1.439335
0.727165
2.157322
0.635820
1.748620
1.001058
1.249463
1.044843
1.206119
0.538225
1.230656
1.279584
0.839572
0.866090
0.946690
1.141892
1.145923
1.323617
1.093406
0.836184
0.937732
0.510213
1.073912
1.103850
1.573196
0.452550
0.766164
1.040097
0.780485
1.288031
0.789862
0.692584
0.469071
0.576043
0.798157
0.630330
0.551686
0.530668
1.489726
1.094633
0.746277
0.532550
0.650882
0.638241
1.509021
0.956251
0.583279
0.706801
1.435999
0.991437
0.596759
0.557834
0.830105
0.863124
0.761790
1.139382
0.948282
0.799299
0.367439
0.953715
1.222553
0.730413
0.852510
0.759703
0.775437
0.703209
0.775371
0.619603
0.789887
1.248853
0.896974
1.023747
0.498572
0.860355
0.954755
0.588489
1.203901
1.305386
1.318321
0.463067
1.262451
0.653965
1.063367
0.879474
0.320304
0.777324
1.767763
0.458508
0.559486
0.408624
0.628634
0.222878
0.521282
0.811995
0.632930
0.677084
0.548054
1.000820
0.726137
0.844855
0.812690
0.554387
0.486906
1.035367
1.853145
0.688510
0.521112
0.628678
0.496461
1.202848
0.747084
1.221861
1.021933
0.622024
0.499802
1.036682
0.928002
1.116012
0.707295
0.979064
0.562553
0.882671
0.662265
1.090410
0.948127
1.314095
0.590985
0.606390
0.858683
0.839195
0.837445
0.270426
1.136224
0.921046
0.785762
1.043465
1.036935
0.676855
0.520021
0.577446
0.300289
0.794292
0.820008
0.527949
0.402260
1.006557
0.452691
0.580414
0.478901
0.853382
0.907050
1.404461
0.948435
0.926060
0.799841
1.366189
0.925846
0.611961
0.662689
0.780886
0.466427
0.989400
0.907829
0.561046
1.144716
1.076462
0.677031
0.707686
0.457421
0.206002
0.691475
0.653849
0.557886
0.613572
1.102918
0.674443
0.669913
0.577790
1.206599
1.004030
0.898325
1.138285
0.928690
1.216258
0.819741
0.291402
0.566801
0.766061
1.119258
0.852978
0.493736
0.453175
0.318396
1.905703
0.823270
0.628823
1.104348
0.732914
0.691476
1.082555
0.722262
0.551938
0.892241
1.786383
0.518092
0.819115
0.613300
0.622769
0.971271
1.103947
0.246574
0.971187
0.661791
0.875750
0.260549
0.767251
0.628546
1.316670
0.656887
0.877943
1.160680
0.748205
1.199978
0.803799
0.367986
1.035126
1.008247
0.757157
1.054193
0.606457
0.604737
1.137644
0.875985
0.597644
1.102994
1.248975
0.341233
1.063964
0.787553
0.463757
0.829548
1.245757
0.743781
0.641950
0.947720
0.679744
0.601075
0.975947
1.235260
0.211016
1.092925
0.582529
1.072625
0.825010
0.643686
0.436297
0.801886
1.335829
0.574232
1.048825
1.210899
0.617381
2.158336
1.202075
0.271952
0.538955
0.528606
0.678148
0.321284
0.874688
0.940339
0.799258
1.258107
0.994102
1.103114
0.838143
1.329646
1.152034
1.275357
1.158662
1.024863
1.279888
1.048061
0.594282
0.663304
1.023701
1.009318
1.041908
0.655895
0.655266
1.046164
0.676891
0.797367
0.904046
0.685987
1.033497
0.679887
0.232332
1.421950
0.771560
0.530294
0.484548
0.549992
0.596910
1.366800
0.579485
0.526099
0.481640
0.485583
1.033962
0.681382
0.405091
0.620001
1.005676
1.152481
1.084843
0.914006
2.241746
1.142361
1.130279
1.107071
0.759379
1.329518
0.574255
1.055841
1.074934
0.823158
0.562647
0.852329
1.136391
0.600413
1.291040
1.026680
1.117812
0.808022
1.114032
1.004507
0.744890
0.574551
0.565160
0.705739
1.031957
0.981480
0.415472
1.327074
0.487675
0.515375
1.275188
0.806446
0.777979
0.682205
2.351821
0.746059
0.855329
1.335420
0.985782
0.989709
0.505979
0.700986
0.883439
0.854469
0.742839
0.786494
0.729851
0.769792
0.438990
0.600278
0.461800
0.392155
1.374271
1.301428
0.581420
0.548528
0.380811
1.084016
1.044682
0.910989
0.536002
0.830954
1.109145
1.194813
1.119967
0.731757
0.270248
1.336374
0.774779
0.897054
0.924351
1.503762
0.669412
1.078238
0.510666
0.696904
0.740862
1.075816
0.991277
0.540217
1.243485
0.479981
1.032482
0.942659
0.880873
1.162667
0.638340
0.989645
1.164868
0.576820
0.679784
0.731241
0.636969
0.443880
0.441018
0.826457
0.601828
0.998237
0.898505
1.035815
0.658174
0.950008
0.785753
0.948298
1.277605
1.503538
0.804571
0.837137
1.463133
0.448929
0.824804
1.504826
0.830585
0.647070
1.127771
1.132898
0.426178
0.689495
1.240126
0.872489
0.593660
0.449499
0.433035
0.850199
0.626679
0.671398
0.795186
0.774428
0.544115
1.092721
0.666530
1.056645
0.890949
0.326439
0.598032
0.590815
0.671211
0.653782
0.814817
0.959850
1.208450
0.459103
0.414638
1.081572
0.639941
0.591610
0.804367
0.441160
0.724690
0.665769
0.573295
0.942943
0.548350
0.992993
0.314173
0.625153
1.415307
0.258262
1.045888
0.839314
1.207459
0.718420
0.878682
0.694965
1.337857
0.503706
0.362113
0.796956
1.383219
0.357152
1.283435
0.757398
1.054619
0.689815
0.315319
0.378062
0.798381
0.518904
1.132357
0.807473
0.978403
0.788341
0.711506
1.305915
0.492388
1.055968
0.929873
0.684416
1.018902
0.658303
1.111295
0.716402
0.870347
0.756896
1.332197
1.052121
0.511885
0.564090
0.517292
1.135814
0.923478
0.720925
0.658816
1.024804
1.429035
0.738025
0.789733
0.802458
0.925415
0.764541
0.473147
1.062253
1.079096
0.276839
1.241336
0.766482
0.341073
0.493040
1.444681
0.852547
0.472172
0.471315
0.932748
1.212119
0.858004
1.842005
0.374950
0.574745
1.064988
0.615941
1.306747
1.132312
0.390199
0.521982
1.183927
0.874851
0.401578
0.472605
0.377933
0.378711
0.580825
0.585981
0.762222
1.146688
0.940097
0.652002
0.669033
0.771472
0.519762
0.624817
0.459363
1.067148
0.711108
0.904433
1.099767
0.491143
0.370544
1.036456
0.889523
1.288610
0.790799
0.843415
1.892828
0.804900
0.769779
1.577817
0.827896
0.617390
1.189324
0.751949
1.068668
0.990696
0.714379
0.366651
1.053897
0.489346
0.423046
1.020361
0.942265
0.591335
0.751081
0.592114
0.874421
1.502476
0.843050
0.814548
1.192916
1.156064
0.890126
0.766363
0.843215
1.070278
0.629174
1.072533
0.565890
0.388369
1.170269
0.960240
0.776844
1.244532
0.391269
0.807914
0.854098
1.025504
0.698870
0.953498
0.748299
1.471439
0.829498
0.962158
0.613679
0.564486
0.558860
0.682534
0.641777
0.972890
1.103777
1.048512
0.666230
0.500200
0.808573
0.595391
0.781822
0.963831
0.797523
0.558022
0.780391
0.776865
1.068476
1.139398
1.146389
0.822584
0.838967
0.720978
0.878052
0.606370
0.678704
0.740794
1.363917
0.403525
1.060499
0.770999
0.965078
0.460545
0.528432
1.134357
0.762382
1.072227
0.592902
1.226882
1.154892
1.033183
0.577610
1.094187
0.963880
0.508324
0.329981
0.915681
0.755746
0.830575
0.741360
0.874714
0.617560
0.797241
0.370596
0.582218
0.974595
0.341991
0.394786
0.854309
0.291662
0.872382
0.888123
0.766005
0.826134
0.805002
0.925516
1.066120
0.845849
1.181197
1.191349
0.637019
0.528365
1.047418
0.860355
0.879397
1.015724
0.709143
0.867731
0.434075
0.875095
0.556538
0.545222
0.449575
0.316223
0.386553
0.256298
0.413433
0.959776
1.691879
0.815924
0.782318
0.798104
1.057510
0.650905
1.558480
0.494404
0.934582
1.802987
0.908798
0.386442
1.292234
0.415451
0.609540
0.685287
0.688014
1.287124
0.489679
0.602275
1.033002
0.812481
0.219194
1.065368
0.456085
0.703321
0.655576
0.901602
0.845130
1.061705
0.957901
0.610205
0.685058
0.924906
0.814159
0.764729
0.753334
1.962412
1.128427
0.753745
0.424877
0.748242
0.909038
0.614728
1.022561
0.625836
0.951544
0.785658
0.870050
0.984858
0.495051
0.800084
0.444536
0.932063
0.641959
1.315547
0.477261
0.939810
0.820203
1.234390
1.190113
1.237803
0.900257
1.115336
1.062769
0.830520
0.623347
0.490988
0.774862
0.670702
1.021664
1.106225
0.881714
1.018113
1.136100
1.180881
0.540250
0.841546
1.003190
0.965342
1.637605
0.526570
1.010918
0.857109
0.498757
1.011307
1.149420
1.161108
0.717374
0.382591
0.251077
1.219445
0.914177
0.524581
0.527434
0.917317
1.442394
0.716332
0.744453
1.306101
0.753579
0.800379
0.964153
0.810392
0.824452
0.979884
0.750646
1.378694
0.591168
0.527829
1.055301
0.480106
0.971081
1.198320
0.533968
0.458465
0.348715
1.128742
0.480594
0.669400
0.805649
0.833327
0.704572
0.831637
0.912259
0.996031
0.553822
0.702267
0.635510
1.292895
0.536406
0.755279
0.922074
0.364199
0.791782
0.303040
0.701464
0.987909
0.886625
0.872653
0.387347
0.805413
0.601017
0.983777
0.683074
0.713454
0.722337
0.747636
1.490928
0.588931
0.588514
0.842713
0.602795
0.653620
0.739517
0.641912
0.630708
0.917975
0.684574
0.719800
0.739361
1.911562
0.562973
0.512698
1.374936
0.634137
0.670896
0.582618
0.671416
1.200598
0.789495
0.958646
0.712683
1.104438
0.839319
0.905687
1.332044
0.571199
0.697624
0.457751
1.612945
0.205396
0.778200
1.501980
1.214915
0.621144
0.881402
0.899527
0.556630
0.985431
0.850532
0.615439
0.417191
0.935792
0.815992
0.914371
0.746953
0.496823
