86.801600
56.058900
55.003600
74.323600
51.634600
53.983400
42.608400
44.768500
39.256400
47.456200
66.868400
42.888400
38.989900
43.700900
47.358300
43.268600
39.895900
36.566800
38.762500
37.586200
24.008900
29.382300
43.677800
35.512100
40.805400
31.866700
42.323500
27.252700
44.628000
36.625600
28.163600
36.132100
36.777300
28.972200
29.222800
29.299100
27.176800
30.974800
22.102400
26.704800
26.546400
30.305800
28.578400
38.345300
23.906900
21.829300
24.077000
35.128400
24.093500
27.381600
35.891400
36.147300
35.739900
21.088900
32.638200
25.045800
23.330100
19.956200
23.237500
32.004600
41.508600
38.573600
32.386700
27.189500
26.512500
30.067400
46.419200
23.592700
28.998200
31.932600
26.426900
32.309100
28.989500
28.084400
30.663700
23.292000
30.573800
26.226100
29.687700
38.181000
27.470800
25.992700
47.459200
33.709100
38.176500
28.048100
22.928900
28.906400
19.090400
24.833300
21.053900
27.463100
26.728400
29.057200
22.645400
24.608200
28.759800
24.725600
28.089300
21.893400
23.182600
25.820600
35.228100
34.724000
24.340800
26.145100
24.835100
25.252200
24.090500
30.723500
30.788800
41.601400
28.003800
30.716000
26.990000
35.300500
29.740600
25.342000
28.418600
27.288700
38.017600
27.720100
26.793400
39.033100
36.080000
31.119700
35.027300
24.838700
25.626600
39.289400
33.529900
24.744200
29.690800
41.344100
55.189500
45.142400
46.813300
50.230700
46.706200
57.640400
41.996300
49.411200
37.568600
37.973400
43.036500
39.443100
36.941400
45.976400
37.735200
29.628900
32.289500
27.328900
46.612900
31.329600
46.035800
28.966300
31.786000
27.500000
28.041100
55.125800
51.729300
29.730800
29.521800
39.124900
31.257200
42.229300
25.668300
30.131100
39.665000
18.296400
36.532200
48.003600
33.158500
39.411600
32.489700
30.808200
29.259900
24.844200
21.856700
26.104200
22.375500
38.796300
38.880400
22.201000
36.149200
34.030900
26.693500
45.351800
25.217400
41.590800
20.244400
29.185000
32.667400
24.125600
28.253700
26.621800
33.801700
29.340800
24.909900
25.192500
27.827500
29.167200
26.903200
17.714100
26.217000
25.883600
18.355200
31.849800
24.016000
43.995500
26.071300
25.024500
23.819600
21.552900
18.658200
26.087200
28.539200
28.532500
24.990900
24.183000
23.342400
43.728600
25.622300
26.904300
37.475300
34.483000
28.706100
40.513100
26.453200
29.544900
25.835400
27.406400
32.441000
32.127200
26.373300
40.027100
25.476200
32.309300
23.977000
40.070900
24.902900
23.258700
34.769100
22.973000
25.227500
28.653100
25.711600
20.954800
40.465900
21.061100
21.840800
20.522000
38.852500
39.523700
34.324700
24.435000
24.632700
28.289100
24.338900
32.483500
21.473600
30.143900
26.780800
39.194900
31.487900
22.269000
23.604900
31.691300
21.120100
35.970800
27.244900
22.329200
32.840300
33.126400
36.746700
26.739500
30.429000
26.958700
22.050800
28.668100
26.802400
21.956800
35.193600
23.750100
31.154600
22.173200
29.534500
49.475900
25.928800
25.017700
22.959700
27.198300
26.433200
33.259200
30.105100
23.850900
35.358100
27.928200
30.046500
30.157100
28.004900
25.936900
31.241800
24.468300
25.974900
43.664200
33.189800
29.182700
25.365000
23.164800
30.422100
24.097500
27.299800
25.074000
29.052000
29.877100
32.207300
32.778600
52.341300
34.554600
35.846700
50.953900
37.659500
23.446000
76.899800
32.470300
51.892900
30.804900
43.375700
35.211400
24.493700
30.761700
38.383500
27.622800
36.169400
31.317700
26.823900
29.046600
30.239500
56.739300
40.658500
57.321600
29.164600
37.359300
39.879700
61.988300
52.471700
48.319500
40.859600
38.539600
44.464200
31.556100
39.769400
28.437000
39.507800
39.686000
47.920700
50.684700
46.240700
43.491800
46.783000
34.846200
35.215100
39.349400
53.486600
76.992900
45.551400
55.724900
38.886600
49.989800
89.701300
42.346500
35.294700
53.946800
49.202000
41.546500
45.845400
34.908200
44.720400
43.030700
33.339400
37.234000
43.551600
50.837600
50.889600
60.728000
45.313700
37.223700
53.739200
41.603800
59.355700
38.554700
31.430900
33.065500
41.805100
28.336800
28.010800
31.229900
31.885100
27.665300
29.119200
23.948400
59.724400
42.759100
52.092500
55.005300
90.858500
42.745500
37.202000
35.569600
38.978500
37.676200
33.121100
28.033200
39.332300
29.011000
61.315200
52.505000
38.160800
42.610500
81.089500
35.913900
46.111800
34.219800
31.580400
37.142300
37.373300
36.679900
43.940600
55.285400
70.168900
35.617000
63.618000
48.489700
39.558200
48.035800
47.775200
50.114300
39.581500
70.798500
34.907700
44.501900
41.521100
84.486800
45.095400
33.978600
41.358000
44.781200
50.674200
28.881300
33.465100
40.057500
30.220100
32.241200
28.105500
52.257600
28.490200
48.749400
38.392800
29.211700
32.341000
29.661700
31.649600
33.765600
28.046300
35.729800
31.081900
42.924600
32.115400
27.706700
30.383800
38.440700
30.000100
40.493300
24.355900
53.421000
31.565100
30.116200
29.586100
20.838900
44.429600
63.565900
51.947200
34.931700
42.243300
59.984200
42.082700
40.191900
31.488100
61.736000
92.693700
46.804500
51.297100
31.438200
52.516200
37.911000
47.505600
26.579500
32.171100
39.559000
34.932200
44.329700
37.020100
48.726500
38.481900
22.074000
33.795000
64.655300
60.726400
55.948500
29.110800
67.627800
49.530400
21.396700
39.211300
42.877000
28.996900
22.737300
23.653100
27.677900
47.005900
21.604900
46.679600
31.567900
24.274300
35.799400
37.709600
45.170400
30.516400
28.705700
45.494700
55.978100
34.913900
35.734200
33.700800
37.469800
41.864200
29.971000
37.397500
41.085200
36.235500
48.062500
28.251400
56.092800
44.081000
32.846300
53.425200
28.134500
50.028400
32.920300
34.694100
35.871900
33.896300
33.277800
38.368900
33.554800
32.935100
70.726900
44.985100
39.901800
44.462300
33.451300
48.333400
44.705900
28.622100
33.360200
40.289900
28.772900
28.045600
48.790100
36.573700
26.255500
54.580100
30.674900
52.453800
34.153300
70.405000
41.386000
40.629500
32.621200
32.425300
38.487800
27.328400
29.049800
31.588600
33.757000
37.173200
29.679300
29.512300
29.867100
32.072400
49.224900
26.833300
25.479800
67.493200
53.412500
66.618800
42.440100
45.788300
37.425700
52.745600
35.184900
34.142100
33.527500
43.147400
38.810100
51.297000
56.649800
44.394700
44.190300
56.963400
28.500900
33.727900
29.206200
36.435200
30.931500
50.779600
39.859500
28.728600
39.937100
47.731400
35.758300
24.640900
24.079200
26.650100
28.459200
27.570900
36.498300
54.074400
39.676400
36.855100
40.488300
51.122200
31.709900
31.499600
36.312600
38.069600
25.886100
24.406800
35.585600
27.171800
59.639500
36.517500
36.215400
39.805900
40.189700
41.466700
30.867500
34.355500
23.464600
33.494700
35.785500
46.381700
33.537800
44.511400
46.278600
37.210000
43.480900
39.463500
35.075400
41.666900
35.798100
30.071500
46.861800
50.759900
34.032800
30.013300
37.307300
36.041900
30.232100
31.523700
29.734000
74.968600
38.398500
30.046100
36.490900
23.480000
30.266500
26.615700
24.395100
31.101000
27.379500
23.330700
23.234700
41.712100
41.856500
29.843800
53.735400
33.616100
28.437500
28.429000
24.023200
30.765400
28.070700
31.103300
51.545100
43.904000
29.632800
45.671400
34.493900
35.669100
28.937000
40.152200
30.960600
29.147900
28.845600
25.746700
33.335900
39.010500
26.921400
28.209900
26.566600
31.247900
42.022700
30.432200
42.130000
22.470100
31.488300
24.206000
38.311200
28.794100
23.619700
38.573800
26.782100
30.017800
23.944800
26.853000
23.348300
27.541000
29.798100
33.914700
34.064900
29.300400
40.634000
29.867000
34.370800
32.355600
27.074300
29.919900
25.592800
31.870000
32.365700
23.720900
27.081400
25.434500
55.110800
22.429800
35.573300
27.470300
24.368000
27.494100
31.974400
29.103500
28.753600
31.798600
33.271100
33.395900
25.259000
28.890300
35.264700
26.971300
28.493800
38.971800
24.435200
27.287500
26.467300
25.787600
30.742600
28.630700
55.956900
25.442800
28.224200
21.279200
22.615200
29.944600
31.399500
26.678000
28.298300
23.459500
34.377800
22.817400
33.881700
26.615100
26.305100
38.725000
31.080500
33.518100
24.808300
35.178900
25.621700
25.202500
31.012900
25.726700
36.163000
38.780900
28.922500
24.760100
32.937700
27.543200
33.535000
20.651400
26.350800
30.550100
29.023300
30.239000
30.796500
30.094300
27.624600
29.877400
27.675200
39.855700
38.826300
27.408000
35.945500
45.613600
23.771500
26.906600
27.449400
25.547300
25.663600
26.018500
29.025300
25.596900
27.960800
32.066600
24.877300
29.266500
31.289700
46.082700
25.404500
23.017200
30.886000
23.096000
29.023800
22.460500
50.304400
29.608200
26.765600
23.105000
31.531300
27.527600
27.194200
22.564900
28.855400
31.126300
67.217500
19.291300
38.210600
33.505800
35.602300
35.068700
25.935800
30.013600
30.210700
31.419900
21.725500
71.975200
27.865000
60.441900
29.278500
27.104400
27.270300
36.366400
29.731900
32.158100
25.811000
23.258600
30.877300
26.147300
24.753200
30.471700
26.411600
39.865800
55.394200
25.315400
27.707800
27.469900
30.551900
31.627300
25.690400
21.100000
32.237800
24.708100
23.394400
23.260300
26.056800
24.058400
23.984100
33.367600
51.932800
16.984900
33.858800
26.238500
27.072400
32.259200
38.803400
46.031300
27.053200
22.789800
27.030300
26.271200
26.170300
24.129000
24.839300
27.596300
23.014100
25.289600
30.607700
27.277200
24.541300
28.016100
23.583900
32.788800
33.773500
53.815300
40.744900
74.700200
38.194000
33.931000
43.352100
34.932600
39.656400
26.400800
28.694300
36.939400
31.253300
30.178200
27.720300
27.589500
43.556000
30.266400
41.398500
28.750900
27.913000
28.451900
46.006400
29.659700
58.551700
25.447700
22.764500
23.728200
26.253400
32.022300
35.992400
22.124400
22.654700
41.724300
49.194800
32.234800
58.252100
56.841900
36.479400
35.586700
42.780700
31.861000
30.729000
27.948900
39.047800
36.213400
44.985500
39.326300
37.145000
51.266600
42.494900
42.192400
35.195300
26.354900
36.977000
47.914000
30.721500
33.781400
34.251800
28.128100
26.461300
37.193800
30.535600
26.725200
30.757400
34.879200
30.440200
30.508800
33.968500
36.827600
38.668000
42.525100
30.105200
30.669200
39.344100
34.365200
36.046800
32.047800
45.616900
28.539900
46.196400
34.117800
30.659400
28.501500
29.470500
36.480300
30.102700
