401.476000
590.545000
367.522000
418.884000
513.894000
483.669000
339.068000
411.671000
312.351000
359.469000
398.353000
420.242000
323.453000
323.520000
422.668000
372.691000
330.003000
353.272000
314.582000
424.654000
479.624000
275.996000
275.142000
317.251000
289.821000
280.573000
384.858000
272.514000
234.850000
214.807000
218.779000
250.316000
217.077000
224.373000
258.260000
365.007000
245.092000
209.826000
272.228000
258.490000
222.093000
270.683000
346.267000
233.939000
257.273000
254.793000
274.634000
208.068000
216.341000
217.090000
217.789000
307.287000
262.779000
209.356000
229.541000
224.403000
272.530000
183.640000
204.625000
222.708000
256.715000
262.190000
274.904000
249.746000
279.656000
277.595000
360.243000
214.628000
180.529000
186.954000
203.563000
222.980000
190.610000
391.470000
248.661000
392.583000
241.064000
224.138000
404.793000
291.140000
193.454000
202.403000
478.209000
544.177000
405.657000
542.996000
453.548000
339.600000
265.387000
495.851000
486.085000
319.401000
334.597000
352.189000
306.898000
281.214000
377.700000
283.647000
284.960000
232.121000
304.225000
295.468000
276.000000
341.296000
294.320000
243.392000
397.064000
207.366000
291.460000
342.283000
350.936000
288.622000
253.428000
228.129000
296.428000
402.781000
287.774000
308.438000
207.413000
279.761000
226.209000
237.045000
277.737000
191.653000
251.085000
209.358000
205.865000
250.224000
292.240000
386.908000
279.602000
267.860000
187.713000
288.923000
519.761000
200.155000
401.588000
249.722000
208.726000
219.206000
199.630000
304.120000
613.680000
348.869000
510.409000
413.491000
446.174000
446.818000
353.386000
306.785000
566.959000
400.571000
390.379000
353.697000
321.687000
350.875000
279.342000
328.811000
334.715000
255.697000
351.142000
357.962000
328.445000
256.031000
355.079000
202.976000
305.685000
340.952000
324.239000
260.698000
217.379000
189.434000
214.250000
249.651000
241.873000
427.327000
244.875000
331.711000
657.299000
222.811000
355.165000
305.105000
190.605000
304.838000
226.495000
236.357000
179.990000
207.293000
216.542000
169.535000
236.499000
208.984000
214.738000
211.493000
275.498000
340.973000
216.777000
183.011000
243.463000
226.146000
452.041000
246.282000
247.720000
233.130000
654.700000
256.588000
242.910000
252.718000
333.166000
266.460000
292.285000
210.438000
192.642000
232.525000
314.762000
195.296000
267.266000
226.535000
375.698000
250.126000
289.189000
191.711000
197.094000
218.763000
223.148000
164.680000
317.387000
189.894000
234.974000
189.312000
229.962000
202.745000
243.314000
441.732000
250.695000
398.736000
382.682000
279.602000
340.902000
249.533000
343.109000
235.894000
237.492000
291.628000
215.530000
348.667000
550.433000
197.806000
328.002000
275.779000
328.364000
233.785000
451.860000
246.315000
229.999000
174.275000
414.060000
249.356000
198.616000
211.405000
241.428000
313.389000
198.163000
229.222000
308.010000
205.191000
188.835000
202.902000
507.832000
296.263000
211.154000
184.680000
254.120000
218.344000
264.137000
181.021000
163.078000
319.896000
352.738000
187.243000
217.577000
217.028000
282.867000
252.896000
204.273000
255.952000
524.486000
288.100000
248.322000
420.211000
187.745000
218.922000
221.172000
183.378000
387.614000
206.701000
294.518000
331.380000
218.921000
327.578000
272.965000
209.005000
211.357000
210.016000
364.228000
239.614000
251.589000
196.157000
350.019000
513.524000
184.385000
211.884000
228.197000
220.837000
263.977000
463.667000
319.884000
259.854000
176.009000
284.212000
187.151000
281.633000
212.326000
203.829000
250.821000
304.557000
209.860000
190.664000
250.781000
179.590000
240.783000
159.203000
199.628000
210.775000
239.919000
234.371000
165.654000
260.641000
249.741000
251.957000
390.125000
335.565000
205.811000
399.370000
217.297000
237.279000
257.916000
188.443000
284.458000
214.585000
476.326000
235.969000
333.261000
378.548000
380.730000
247.224000
188.579000
200.669000
217.788000
203.170000
314.062000
235.953000
250.887000
200.472000
467.652000
283.974000
309.590000
192.204000
229.949000
256.391000
237.679000
425.275000
169.881000
226.260000
227.770000
183.900000
379.390000
181.034000
246.418000
180.072000
172.136000
178.413000
243.637000
191.586000
176.314000
203.253000
287.705000
183.856000
247.692000
181.952000
248.900000
260.736000
199.069000
274.143000
227.615000
234.034000
225.436000
223.781000
242.177000
322.162000
222.621000
277.218000
293.254000
214.521000
199.222000
279.999000
280.338000
310.491000
248.556000
171.340000
241.700000
276.127000
338.870000
209.810000
281.273000
171.662000
180.065000
264.408000
189.237000
205.009000
173.082000
179.691000
191.489000
259.737000
226.703000
157.559000
351.348000
182.146000
220.605000
218.350000
410.803000
228.131000
567.877000
180.788000
299.362000
348.525000
221.154000
169.912000
380.252000
217.213000
287.719000
458.803000
206.329000
310.226000
240.840000
267.263000
235.100000
338.214000
277.532000
189.302000
220.875000
170.925000
279.672000
214.932000
219.142000
460.357000
237.617000
186.362000
152.357000
198.685000
308.544000
186.670000
277.767000
253.190000
216.024000
239.013000
206.050000
228.555000
330.422000
243.632000
297.662000
209.503000
228.506000
230.958000
324.620000
401.197000
274.924000
256.841000
181.854000
279.050000
292.453000
249.372000
291.556000
310.119000
188.467000
236.584000
240.200000
378.593000
256.266000
169.839000
222.278000
186.863000
358.543000
381.894000
204.385000
334.738000
369.765000
253.062000
295.502000
457.049000
428.657000
171.318000
174.031000
228.580000
195.554000
215.660000
247.040000
217.923000
183.689000
211.944000
236.281000
205.289000
210.791000
256.221000
284.301000
231.053000
221.984000
333.618000
175.219000
192.650000
394.241000
230.408000
195.163000
256.676000
185.430000
250.511000
214.508000
168.817000
414.082000
590.123000
198.165000
211.196000
187.221000
408.842000
262.933000
324.694000
217.099000
191.363000
349.924000
264.958000
176.553000
196.798000
394.276000
369.480000
682.484000
527.178000
540.731000
386.881000
266.127000
289.010000
288.176000
364.922000
473.549000
219.726000
218.771000
276.002000
261.506000
430.980000
425.291000
694.703000
356.957000
379.169000
242.698000
535.120000
368.627000
358.462000
304.503000
211.828000
286.548000
245.701000
267.141000
403.618000
377.328000
207.657000
296.116000
444.648000
252.608000
270.839000
224.245000
382.307000
233.377000
272.274000
207.415000
178.726000
214.711000
212.775000
250.657000
400.656000
524.310000
296.084000
207.642000
279.701000
222.392000
249.511000
242.432000
202.844000
209.989000
311.337000
248.857000
322.826000
215.655000
370.760000
228.936000
294.598000
227.240000
250.634000
200.573000
259.295000
308.349000
266.454000
258.594000
208.831000
290.032000
281.768000
223.941000
239.554000
245.967000
198.529000
249.058000
291.342000
254.611000
330.399000
180.962000
256.155000
359.232000
293.251000
276.333000
370.925000
206.209000
302.443000
188.844000
195.226000
407.490000
324.489000
251.797000
297.957000
236.425000
467.007000
268.855000
300.319000
177.342000
249.392000
256.188000
218.507000
179.657000
212.661000
206.913000
165.605000
310.117000
173.949000
217.883000
326.437000
473.377000
195.711000
239.185000
249.061000
240.083000
309.957000
201.271000
268.999000
192.357000
211.738000
304.494000
193.503000
194.524000
433.117000
167.862000
359.310000
297.776000
213.867000
293.906000
436.467000
225.375000
240.298000
195.371000
342.276000
229.465000
217.644000
243.932000
332.362000
216.831000
249.187000
281.456000
225.764000
204.945000
255.241000
243.670000
289.255000
284.079000
503.382000
246.637000
201.016000
280.037000
518.286000
182.799000
293.122000
256.381000
184.052000
279.019000
213.126000
206.765000
189.692000
372.599000
253.582000
211.528000
205.656000
460.158000
222.465000
170.331000
310.540000
201.648000
226.125000
278.331000
238.672000
357.501000
259.078000
442.823000
223.573000
168.561000
242.264000
333.027000
285.378000
185.076000
255.535000
238.701000
245.739000
230.881000
252.230000
355.808000
298.769000
212.624000
268.317000
219.725000
270.071000
335.177000
230.919000
230.654000
242.175000
283.640000
233.035000
233.666000
384.264000
289.442000
309.384000
366.669000
214.385000
217.924000
285.286000
282.397000
202.825000
427.840000
304.388000
229.988000
303.583000
210.433000
173.247000
334.354000
226.709000
208.266000
263.674000
227.189000
275.679000
181.697000
421.698000
184.211000
187.223000
222.803000
254.828000
219.313000
206.567000
201.046000
312.773000
506.660000
199.590000
218.095000
255.947000
226.575000
162.487000
199.782000
336.995000
389.715000
208.916000
346.364000
208.008000
165.662000
317.868000
201.313000
258.630000
215.497000
210.315000
207.412000
430.813000
206.826000
352.917000
255.596000
218.066000
281.445000
202.248000
218.542000
175.461000
211.664000
213.590000
280.389000
204.241000
184.865000
196.208000
212.663000
443.367000
249.678000
208.631000
181.033000
419.741000
281.198000
401.456000
238.437000
248.144000
222.173000
380.912000
247.060000
228.633000
446.207000
229.965000
303.068000
239.294000
224.608000
249.379000
253.408000
190.908000
197.789000
195.279000
224.034000
247.008000
285.647000
324.035000
211.621000
172.944000
298.832000
246.140000
252.119000
337.625000
238.832000
186.373000
245.268000
271.088000
359.625000
248.147000
210.742000
216.514000
162.468000
243.576000
255.803000
204.296000
227.911000
184.850000
498.409000
211.137000
221.462000
162.222000
246.124000
355.005000
253.084000
392.205000
221.866000
310.164000
243.708000
234.394000
248.998000
214.831000
242.404000
279.203000
235.622000
272.110000
193.876000
183.852000
270.406000
208.922000
243.822000
260.599000
203.492000
174.813000
207.974000
203.964000
193.717000
207.121000
172.507000
189.202000
510.690000
334.656000
251.038000
198.341000
198.979000
197.205000
199.056000
215.644000
229.520000
205.432000
427.115000
192.153000
181.255000
159.368000
208.662000
234.057000
164.749000
338.408000
190.070000
394.333000
248.111000
179.571000
198.147000
238.090000
371.616000
193.747000
279.733000
225.234000
251.372000
232.612000
242.167000
158.694000
322.614000
216.579000
210.565000
274.712000
392.683000
391.196000
206.622000
273.113000
239.691000
187.324000
343.286000
344.422000
296.083000
257.686000
205.310000
204.637000
410.095000
232.796000
195.413000
190.213000
265.990000
219.307000
199.333000
179.013000
353.219000
234.210000
184.854000
313.334000
243.109000
182.495000
198.239000
289.397000
341.508000
313.676000
263.318000
239.654000
234.414000
247.559000
260.910000
237.952000
307.323000
264.778000
217.843000
188.175000
200.773000
225.644000
259.703000
212.439000
287.208000
217.296000
471.389000
322.237000
200.968000
238.639000
255.554000
195.857000
263.498000
264.442000
495.331000
205.884000
228.610000
241.415000
302.228000
356.063000
234.196000
572.372000
351.922000
343.919000
342.713000
274.014000
221.342000
195.183000
227.643000
275.668000
258.890000
285.534000
222.107000
296.936000
268.694000
262.619000
346.163000
227.411000
