6.307000
5.946000
6.075000
5.500000
6.348000
5.299000
5.208000
4.880000
5.511000
4.840000
4.996000
4.762000
5.436000
4.933000
5.465000
4.935000
5.798000
4.729000
4.888000
4.457000
5.194000
4.703000
4.171000
4.239000
4.198000
4.191000
4.139000
4.044000
4.119000
4.176000
4.108000
4.587000
4.062000
4.060000
5.741000
3.731000
3.902000
3.915000
5.523000
3.682000
3.613000
3.588000
3.445000
3.975000
3.548000
4.210000
3.531000
3.414000
3.475000
4.129000
4.283000
3.537000
3.978000
4.067000
4.286000
3.399000
3.342000
3.317000
3.370000
3.369000
3.385000
3.438000
3.255000
3.271000
3.657000
3.166000
3.392000
3.171000
4.140000
3.130000
3.183000
3.307000
3.252000
3.226000
3.300000
3.814000
3.228000
3.109000
3.094000
3.163000
3.034000
3.101000
3.096000
3.004000
2.861000
2.856000
2.990000
3.385000
3.099000
2.873000
2.826000
2.796000
2.833000
3.504000
2.724000
2.884000
3.314000
3.187000
2.796000
2.916000
2.844000
3.523000
3.018000
2.873000
2.875000
2.710000
2.979000
2.844000
2.800000
2.771000
3.536000
2.785000
2.793000
2.814000
2.851000
2.778000
2.926000
2.835000
2.802000
2.810000
2.884000
2.853000
3.341000
3.407000
2.986000
3.314000
3.350000
3.409000
2.704000
2.767000
2.953000
2.939000
2.951000
2.750000
2.893000
2.801000
2.700000
2.839000
2.940000
2.731000
2.940000
3.262000
2.748000
2.830000
3.222000
2.935000
3.256000
2.882000
2.788000
2.917000
2.645000
2.928000
3.298000
2.941000
2.744000
3.413000
3.684000
2.783000
2.858000
3.296000
3.474000
4.610000
2.823000
2.876000
2.760000
2.879000
2.821000
2.819000
3.492000
2.880000
2.822000
3.181000
3.127000
3.108000
3.387000
2.760000
3.074000
2.804000
2.954000
2.841000
2.776000
2.816000
3.363000
2.906000
2.797000
3.237000
2.849000
2.858000
2.860000
2.982000
2.973000
2.810000
2.912000
3.511000
4.885000
2.905000
2.827000
2.909000
2.900000
2.937000
3.124000
3.018000
2.851000
2.871000
2.849000
2.816000
3.153000
2.797000
2.900000
2.905000
2.929000
3.049000
2.879000
3.155000
3.466000
2.795000
3.511000
2.887000
3.471000
2.959000
2.950000
3.001000
3.475000
3.394000
3.449000
3.088000
2.845000
2.799000
2.952000
2.954000
2.836000
3.394000
2.954000
2.828000
2.912000
2.877000
2.810000
2.777000
2.846000
2.995000
2.994000
2.778000
2.971000
2.859000
2.726000
2.934000
3.176000
3.271000
3.234000
2.917000
2.847000
2.935000
3.471000
2.737000
2.886000
2.870000
2.846000
3.195000
2.877000
2.844000
2.987000
2.830000
2.741000
2.951000
2.954000
2.903000
3.407000
3.056000
2.866000
2.709000
2.734000
3.084000
3.009000
2.725000
3.014000
3.019000
2.905000
2.727000
2.752000
2.897000
2.772000
2.962000
2.947000
3.398000
2.721000
2.756000
2.905000
2.741000
2.717000
2.779000
2.912000
2.764000
2.786000
2.859000
3.452000
2.750000
2.981000
2.810000
2.725000
2.962000
3.275000
2.816000
2.780000
2.887000
2.861000
2.787000
3.003000
2.985000
2.858000
2.883000
2.936000
2.749000
3.358000
3.139000
2.952000
3.503000
2.835000
2.806000
2.776000
2.799000
2.931000
2.674000
2.995000
2.786000
2.766000
2.948000
2.886000
2.792000
2.887000
2.924000
3.016000
2.809000
2.895000
2.879000
2.747000
2.837000
2.733000
2.752000
2.820000
3.026000
3.558000
2.977000
3.436000
3.342000
2.824000
2.895000
2.662000
2.730000
2.884000
2.871000
2.753000
2.772000
2.849000
2.719000
3.120000
2.792000
2.895000
2.709000
2.745000
3.461000
2.816000
2.969000
3.018000
2.907000
2.902000
2.880000
2.965000
3.645000
3.003000
2.969000
2.899000
3.119000
3.606000
3.026000
3.208000
3.742000
3.075000
3.036000
3.072000
2.942000
2.858000
3.431000
2.859000
2.750000
2.842000
2.891000
3.040000
2.740000
2.770000
2.851000
2.891000
2.947000
2.924000
3.026000
2.872000
3.099000
2.960000
3.000000
2.871000
3.009000
2.730000
2.962000
3.408000
2.919000
2.684000
2.886000
3.761000
3.142000
3.051000
3.632000
3.642000
2.856000
2.905000
2.902000
2.916000
2.941000
2.881000
2.890000
2.944000
2.808000
2.889000
2.955000
3.356000
2.903000
2.849000
2.859000
2.855000
2.913000
2.830000
2.955000
2.885000
2.985000
3.063000
3.068000
2.928000
2.910000
2.995000
2.946000
2.983000
3.324000
2.949000
3.591000
2.738000
3.125000
2.906000
3.741000
3.253000
3.253000
3.155000
3.184000
3.113000
3.199000
3.101000
3.074000
2.952000
3.209000
2.942000
2.837000
2.974000
3.243000
3.464000
2.862000
3.008000
2.964000
2.841000
2.869000
2.971000
2.772000
3.330000
2.922000
3.228000
2.945000
2.789000
2.726000
2.738000
2.828000
2.757000
2.889000
2.763000
2.885000
2.885000
2.893000
2.842000
2.831000
3.488000
2.898000
3.629000
2.950000
2.863000
2.827000
10.734000
2.947000
2.893000
2.913000
2.789000
3.297000
3.348000
2.973000
2.960000
2.913000
2.862000
2.981000
3.567000
2.932000
2.928000
3.369000
2.873000
2.928000
3.398000
3.511000
2.958000
2.856000
3.377000
3.046000
3.261000
3.325000
3.010000
3.343000
3.619000
2.954000
3.030000
2.836000
3.059000
2.837000
2.778000
2.819000
2.974000
2.862000
2.809000
2.926000
2.782000
2.734000
3.232000
3.346000
2.903000
3.315000
2.848000
2.790000
3.319000
2.786000
2.758000
2.725000
2.944000
2.779000
2.725000
2.645000
2.651000
2.817000
2.854000
2.734000
2.886000
2.859000
2.760000
2.739000
2.849000
2.750000
2.772000
2.818000
2.816000
2.901000
2.834000
2.931000
2.884000
3.175000
2.700000
3.315000
2.864000
2.884000
2.745000
2.811000
2.794000
2.692000
2.773000
2.713000
3.065000
3.000000
2.678000
2.844000
2.827000
2.704000
3.148000
2.811000
3.512000
2.769000
2.788000
2.886000
2.923000
2.884000
3.240000
3.007000
2.785000
2.766000
2.902000
2.799000
2.885000
2.805000
3.405000
2.826000
2.867000
3.208000
3.203000
2.808000
2.783000
3.193000
2.778000
2.782000
2.964000
2.818000
3.141000
2.862000
2.838000
2.743000
2.717000
3.420000
3.309000
2.992000
2.875000
2.868000
2.934000
2.714000
2.911000
2.927000
2.933000
2.693000
2.834000
2.871000
3.068000
2.777000
2.767000
2.942000
2.875000
2.807000
3.466000
3.403000
2.910000
2.813000
2.762000
2.761000
2.859000
2.788000
2.887000
2.876000
2.965000
2.976000
2.851000
2.760000
2.917000
2.844000
2.819000
2.869000
2.815000
2.808000
2.762000
2.875000
2.756000
3.035000
3.374000
3.003000
3.490000
2.694000
2.836000
2.844000
3.309000
3.227000
2.709000
2.755000
3.396000
2.933000
3.340000
2.945000
2.720000
2.868000
2.749000
2.840000
10.440000
2.846000
2.894000
3.304000
2.785000
2.949000
2.902000
2.894000
2.922000
2.870000
2.882000
2.931000
3.268000
2.937000
3.290000
2.910000
2.779000
2.765000
3.337000
2.813000
2.840000
2.955000
2.974000
2.743000
2.680000
2.917000
2.812000
2.817000
2.795000
2.984000
3.103000
3.304000
2.912000
2.744000
2.933000
2.863000
2.746000
2.835000
2.705000
2.996000
2.777000
2.925000
2.809000
2.940000
3.378000
2.955000
2.926000
3.076000
3.503000
2.764000
2.744000
2.916000
3.077000
2.851000
2.944000
2.800000
2.823000
2.788000
3.344000
2.808000
3.157000
2.838000
3.012000
2.780000
4.007000
2.715000
2.730000
2.962000
2.809000
2.807000
2.834000
2.805000
3.477000
2.776000
2.754000
3.141000
2.752000
2.848000
10.531000
2.763000
3.273000
2.825000
2.722000
2.821000
2.879000
3.355000
2.893000
2.810000
2.920000
2.906000
2.921000
3.016000
3.498000
3.293000
2.851000
3.286000
2.858000
3.169000
3.261000
3.021000
18.082000
3.344000
3.330000
2.775000
2.785000
2.770000
2.897000
3.382000
2.761000
2.861000
2.945000
3.202000
3.250000
2.827000
3.070000
2.781000
3.646000
3.276000
2.843000
2.806000
2.923000
3.339000
2.673000
2.700000
2.876000
3.409000
2.842000
2.778000
2.945000
2.820000
2.769000
2.865000
2.709000
2.772000
3.553000
3.136000
3.169000
2.710000
2.923000
2.799000
2.756000
3.286000
2.873000
2.699000
2.692000
2.733000
2.830000
3.280000
2.704000
2.755000
2.910000
2.776000
2.995000
2.843000
10.601000
3.253000
3.079000
3.240000
2.756000
2.779000
3.179000
2.887000
2.887000
2.738000
2.831000
2.823000
3.499000
2.666000
2.754000
2.755000
2.939000
3.154000
2.818000
2.797000
2.761000
3.258000
10.922000
2.820000
3.168000
3.357000
2.727000
2.743000
2.840000
3.030000
2.773000
3.233000
2.898000
2.790000
2.781000
3.086000
2.835000
2.765000
2.839000
2.928000
3.173000
2.875000
2.817000
2.733000
3.196000
2.822000
2.717000
3.157000
3.397000
3.190000
2.833000
2.798000
2.914000
3.007000
2.897000
2.833000
3.340000
3.266000
2.855000
3.390000
3.012000
3.177000
3.300000
3.089000
2.849000
3.322000
2.999000
2.721000
2.959000
3.310000
2.807000
3.119000
2.800000
2.880000
2.941000
3.383000
2.809000
3.729000
2.915000
2.811000
2.799000
2.788000
2.820000
3.017000
2.868000
2.973000
10.655000
2.909000
2.807000
2.762000
2.997000
2.795000
2.808000
3.354000
2.875000
2.712000
2.852000
2.801000
2.729000
2.746000
2.970000
3.281000
2.996000
2.977000
2.783000
2.883000
2.896000
2.741000
3.473000
3.422000
2.942000
2.810000
2.739000
2.679000
3.149000
2.765000
2.841000
2.865000
2.717000
2.796000
2.809000
3.320000
2.767000
2.720000
2.975000
2.830000
3.528000
2.860000
3.428000
2.959000
3.042000
3.025000
2.748000
2.910000
3.080000
3.026000
2.693000
2.713000
3.084000
2.880000
2.791000
2.707000
2.942000
3.729000
3.525000
2.928000
2.881000
2.686000
3.218000
2.991000
3.375000
3.210000
2.863000
2.869000
2.863000
2.963000
3.017000
3.648000
3.445000
2.732000
2.767000
2.742000
2.780000
2.911000
2.805000
2.723000
3.194000
2.783000
2.729000
2.924000
2.911000
2.930000
