238.431165
178.849584
178.198795
187.287067
182.776174
182.687270
182.044200
183.085352
183.548086
181.070514
184.231355
181.225483
182.726107
182.323079
180.451684
181.732261
180.973379
186.312408
180.602986
187.800290
183.648382
181.426555
181.017581
181.774948
184.852256
180.633963
182.034922
179.915996
181.386509
181.338153
181.174823
181.645799
190.456984
179.000944
182.006503
179.057489
182.361004
180.127088
184.902959
181.814171
183.510636
182.460587
183.721135
185.307160
180.329964
186.466070
183.823155
183.115943
186.164195
181.828732
180.106684
182.113612
183.096538
183.862807
180.163266
183.080147
182.560656
182.732020
182.213462
183.977221
181.575023
179.981698
182.159801
181.948276
180.329911
183.047678
180.636615
183.499236
182.215122
181.767166
183.891480
185.409799
182.125540
179.959318
181.134412
180.035708
182.095912
178.692664
182.074545
183.069654
184.792148
182.593931
181.749768
185.359770
182.141757
182.728850
182.064980
180.629169
178.988069
183.678710
182.580234
183.393224
181.499501
184.002045
181.706560
179.903969
181.165020
179.095599
182.300557
181.854531
181.421004
181.429569
180.962201
181.682199
180.743928
183.310909
180.751018
183.977994
182.596432
180.315512
181.828313
178.466416
182.017972
183.524000
181.103805
187.120047
184.074553
181.622249
181.074205
180.281700
179.973232
183.753460
181.141909
180.884016
180.695866
183.137120
185.706525
184.053651
180.611515
180.773169
181.971236
182.447616
181.004853
180.449894
183.986504
182.232372
182.286548
180.519891
179.696723
180.017404
182.745013
181.289927
179.424199
181.569234
181.516509
183.453359
184.363028
182.406072
177.551727
190.377022
186.305486
203.517623
185.207524
184.247604
181.854679
190.245890
185.412204
188.143424
188.377855
188.042077
188.751928
195.897601
183.149435
181.256887
184.259662
186.504190
187.577565
189.481100
189.800919
184.330207
191.524629
186.274819
187.180361
187.527271
188.735059
189.387037
186.138951
200.360429
190.788574
186.325338
193.000675
195.132680
183.924194
185.055629
185.494133
190.409670
189.894804
186.084275
184.391943
184.676096
186.086575
186.985110
182.170285
184.059861
184.203303
184.662672
182.680029
185.207178
184.184087
181.528449
184.745431
190.048236
183.619062
182.757313
186.321438
190.918219
184.786848
184.888679
184.062472
185.028088
181.275187
190.505913
184.191616
183.030890
185.945985
182.450804
185.560418
180.259800
185.073426
186.741006
185.238503
181.170819
184.605502
180.165271
183.568021
185.946340
183.899663
181.068409
189.549350
183.081212
186.051647
183.324801
183.496003
185.549326
184.773805
179.377941
192.487207
182.353105
183.202323
185.537014
186.897572
186.445230
185.401765
181.077732
181.897812
182.942988
186.460188
180.581579
183.033704
184.434277
183.140804
180.889072
184.841443
184.938923
190.240669
190.606293
186.465711
196.146842
184.416287
185.235946
185.885323
185.608169
183.958181
185.653818
185.707092
182.095622
186.463730
186.609666
181.438555
186.172504
183.590890
195.044463
182.367780
186.755231
185.309926
186.785523
186.249480
185.638315
199.019481
184.370509
184.276332
189.650529
186.350057
182.812060
183.836549
178.382820
185.259818
183.122606
184.708076
184.398234
181.553143
187.170094
184.959410
184.328069
182.176627
183.273231
182.415813
181.918894
183.986343
183.131773
187.474969
185.223894
182.005813
185.132318
182.077053
183.209604
183.895744
182.975759
183.310751
184.401064
181.284594
180.725748
185.833623
182.469071
183.620876
179.792693
181.442661
181.949813
182.262194
182.188095
181.181066
181.972177
184.812142
181.587548
186.247622
183.863271
178.530417
183.765123
182.257609
181.163833
183.834406
184.060398
183.123557
184.148708
181.189100
183.632281
181.654064
183.051185
180.610685
181.374742
183.142742
180.540317
186.179779
184.038912
183.772296
183.741341
186.764048
181.476121
182.611526
182.943518
182.535602
180.918629
181.935332
183.843636
178.140247
183.073738
180.509698
187.365384
182.726113
186.055774
181.089195
183.448567
196.513091
182.169552
181.833465
182.027102
180.311856
183.006346
181.982036
185.109340
191.570457
181.389843
186.771743
179.560995
182.349077
180.912472
181.240770
186.047070
182.285203
182.242659
182.148717
186.945807
186.001795
183.944259
184.665286
181.844789
182.948583
183.094473
181.100990
183.519617
182.291902
185.497961
181.491942
183.282278
182.098515
181.956559
185.341443
180.471768
183.338659
182.792031
186.156506
183.184431
186.883570
182.573351
184.171479
182.154150
183.860409
184.230865
185.604655
196.300503
183.477198
183.709032
181.462157
180.402040
183.843678
183.992039
214.309948
182.303633
182.649710
183.841742
179.691629
181.875970
182.245636
182.289415
181.948440
182.856310
182.648289
183.493604
194.284250
184.662284
181.577809
184.947790
183.845902
182.579378
183.816673
186.149208
184.008991
187.838250
183.879305
182.415019
182.534326
181.755254
181.256960
184.597195
181.607932
182.322007
181.557918
181.186944
181.335484
185.403289
181.474669
182.247094
184.129865
182.202138
182.703567
179.927032
182.873944
187.280136
185.427815
181.501631
184.164542
183.216153
184.918957
182.597577
183.406142
183.769061
184.456761
182.877104
182.939384
187.382155
181.539975
183.341424
184.086930
181.135737
186.168349
178.775493
184.177473
181.698515
183.111745
181.087306
181.418981
183.069872
183.847591
182.104771
180.015259
182.254029
183.744622
184.530931
182.002314
182.969859
182.924169
183.072091
179.764098
182.513291
183.017360
183.651697
183.836259
181.192843
180.770295
184.400190
185.471091
183.305409
182.731145
184.037465
180.994008
184.912072
183.823926
193.966952
183.109946
183.463640
183.195672
184.152117
181.076909
185.479374
181.618798
186.621842
184.145552
181.615574
179.649501
180.769231
182.294071
184.966184
181.296522
183.851381
182.123379
182.451632
182.441261
184.712471
183.448804
183.727839
180.537132
181.202573
185.618498
186.563187
185.628165
181.122410
182.394681
188.851190
184.020865
179.945585
183.229168
182.583226
181.513411
182.965251
183.506800
181.405555
181.886764
182.968003
182.812375
185.763365
181.480389
183.172800
184.929437
184.019890
181.723768
182.706089
184.212174
183.446760
184.182385
184.730381
180.278394
181.229934
181.590931
185.382470
181.050964
181.914927
183.278955
182.935810
182.727212
184.620394
180.706365
182.028154
181.673231
184.918539
196.650837
182.356261
181.461936
182.399894
183.032061
182.147256
184.227005
181.426489
184.383278
185.715018
183.779057
181.926308
184.777396
183.020756
180.921426
182.959670
184.247430
182.311681
182.554773
185.094725
182.942961
183.017927
183.510601
183.760416
184.164748
180.351380
181.524110
182.919070
185.042361
182.257033
182.182420
182.571148
181.650991
185.197446
184.764969
184.497304
182.109548
185.864079
182.141026
183.862858
183.511700
183.000000
183.731500
182.963255
181.626689
185.414791
178.301338
183.610253
180.949576
179.009593
179.209774
182.751665
181.988418
183.983887
183.938027
183.645707
184.853398
183.291078
183.639378
182.467486
183.185537
184.924040
182.274231
182.299879
183.362570
180.362597
183.169913
182.911578
182.867604
180.778558
189.151967
181.877491
185.747389
181.916146
184.233710
185.179658
192.805625
182.283894
184.341877
181.556755
183.578385
184.123160
180.263154
184.294671
183.486213
182.196867
183.505207
182.063111
185.829042
183.271363
184.243463
180.589975
182.926471
185.494143
181.777729
181.287250
184.392959
183.275958
183.951267
180.001006
180.670628
181.753313
183.679205
184.641664
182.638164
184.427080
183.250714
184.577476
180.487579
183.024331
183.058857
181.591507
181.623263
184.758793
182.287308
179.225530
182.093257
183.771856
177.679033
181.929356
182.283556
182.066572
183.609232
182.611069
179.835568
182.216021
182.420507
181.457458
182.930677
184.915791
183.186730
180.709319
182.612316
183.918989
181.810344
182.506082
180.745663
182.682307
184.235376
180.435843
183.820193
183.544990
184.381176
185.393395
181.691557
182.154704
180.724134
181.593641
182.341462
182.853662
184.631632
183.087060
180.742790
182.850171
185.061975
181.033792
181.857007
185.130917
181.061684
184.308822
182.937147
185.378714
183.588534
187.844838
181.275757
183.287817
183.642533
183.725007
185.375742
182.596107
183.926350
183.437890
183.986761
188.021886
183.725358
185.060511
183.673917
182.995943
182.155980
183.837519
182.714880
184.301601
185.567750
184.330168
181.118492
184.605360
182.583340
186.271690
182.124146
181.430377
182.242267
181.790768
183.111516
179.555260
181.971446
181.488569
179.918863
189.690100
181.160200
181.208843
184.506493
181.178456
181.892518
180.429219
181.564224
185.095699
182.394069
185.463730
181.187428
182.160283
183.953988
182.954908
183.088210
182.947865
179.707996
180.605802
181.484948
184.068171
183.122866
181.611373
186.967714
181.749350
183.451965
183.117157
182.932306
184.085283
182.612151
183.173315
182.322801
185.575148
183.354822
181.537849
182.811497
182.453160
182.761245
183.448376
184.655738
185.580409
180.947518
184.120770
182.564940
181.531826
183.595338
182.537120
181.986778
181.710709
183.280022
182.990338
181.544885
179.641816
181.701457
184.965619
185.149808
183.657031
181.834361
183.993480
182.218560
184.721336
183.640758
183.511669
180.531861
180.668451
182.632450
183.868743
183.358904
182.189724
180.908377
182.157315
182.187625
182.678277
182.655052
183.148442
183.886716
183.896024
181.416572
183.634936
181.974426
183.199890
182.149093
181.596475
180.256394
183.149942
181.680287
183.889700
184.035985
183.389953
184.198261
184.186606
183.602736
186.805376
182.008896
182.822499
186.971354
184.306577
180.533266
181.220249
183.066060
180.822748
185.182763
180.762195
182.606361
181.287108
185.034154
184.981446
180.281766
183.944908
183.700070
185.997211
186.159255
184.302280
182.690041
186.492935
181.580932
183.823593
182.639911
182.372451
184.290190
185.168846
182.387811
184.100105
182.825134
184.043492
181.980055
185.657025
183.049586
192.490849
185.117974
184.015609
184.293054
183.363444
181.296311
181.208885
183.976858
186.342045
182.688823
181.249889
182.936413
186.177107
182.016978
183.144232
184.454980
183.111657
182.651174
181.918316
183.039973
180.493783
182.729621
183.159885
183.180846
182.738154
183.444295
182.841092
184.760950
182.103045
183.694022
181.504473
198.952395
182.602491
182.641015
181.538598
180.555384
193.899182
193.288136
182.684980
182.240735
182.779234
189.029094
190.444545
189.359926
186.663704
184.055012
183.813536
185.069318
188.137870
192.237696
184.987699
186.132842
184.719521
186.508777
187.430649
185.207354
193.378383
186.426686
186.285757
188.577377
188.457944
182.947278
189.275452
188.816925
194.253460
199.153634
190.918533
199.241747
191.598476
201.790631
194.710076
186.889398
191.096313
185.973278
189.132897
186.143668
187.717480
191.179781
188.371455
195.254760
188.703303
207.935367
218.646823
211.161181
200.988812
214.877544
196.573605
189.188597
189.290697
191.300899
189.909639
188.388262
188.384301
189.695660
188.898421
187.846074
192.791424
187.566095
187.731276
191.044496
189.629194
