6.342000
6.776000
6.752000
5.432000
6.008000
5.226000
5.192000
5.309000
4.751000
4.851000
4.609000
4.803000
5.406000
4.625000
4.561000
4.009000
4.379000
4.158000
4.197000
4.125000
4.537000
4.064000
3.895000
3.963000
4.051000
3.743000
3.920000
4.331000
3.810000
3.658000
3.935000
3.542000
3.459000
3.452000
3.427000
3.631000
3.217000
3.471000
3.338000
3.769000
3.240000
3.278000
3.827000
3.237000
3.445000
3.142000
3.160000
3.215000
3.170000
3.334000
3.207000
3.750000
2.958000
2.905000
3.174000
3.493000
3.736000
2.947000
3.033000
3.184000
2.913000
3.499000
2.938000
3.069000
3.426000
3.063000
3.071000
2.993000
3.209000
2.974000
2.850000
3.053000
3.041000
2.973000
3.022000
2.984000
3.004000
3.046000
2.962000
2.839000
3.538000
3.272000
3.386000
2.705000
2.750000
2.723000
2.690000
2.933000
2.851000
2.793000
2.885000
2.743000
2.764000
2.869000
2.797000
2.873000
2.839000
2.790000
2.848000
2.939000
3.405000
2.800000
3.003000
2.965000
10.608000
3.574000
2.870000
2.802000
3.495000
2.803000
2.928000
2.987000
2.923000
2.824000
2.830000
3.198000
2.768000
3.239000
3.223000
2.928000
2.811000
2.853000
2.735000
2.730000
3.414000
2.904000
2.793000
3.416000
2.838000
3.129000
2.911000
2.846000
3.169000
3.113000
2.795000
2.796000
2.767000
3.271000
3.112000
2.966000
2.773000
2.888000
2.912000
2.966000
2.783000
2.696000
3.531000
2.794000
2.798000
2.709000
2.804000
3.400000
2.710000
4.140000
5.090000
4.841000
6.671000
8.897000
4.768000
4.908000
4.703000
4.831000
4.847000
5.560000
4.740000
4.631000
5.216000
5.094000
4.480000
4.052000
4.382000
4.223000
5.052000
4.057000
4.033000
3.822000
3.904000
3.834000
3.815000
3.875000
3.590000
4.215000
3.810000
3.699000
4.496000
3.831000
3.843000
3.785000
3.942000
3.724000
3.497000
13.522000
3.376000
3.478000
3.637000
4.019000
3.418000
3.368000
3.598000
4.248000
4.174000
3.439000
3.250000
3.399000
3.209000
3.147000
3.485000
3.828000
3.123000
3.212000
3.219000
3.557000
3.144000
3.141000
3.045000
3.523000
3.125000
3.319000
3.267000
3.045000
3.150000
3.178000
3.127000
3.267000
3.918000
3.162000
3.011000
3.134000
2.956000
3.100000
3.073000
3.760000
2.947000
3.377000
2.865000
2.867000
3.647000
2.858000
2.820000
2.743000
2.721000
2.835000
3.356000
4.791000
2.770000
3.696000
2.964000
3.247000
2.772000
2.682000
2.787000
2.738000
3.467000
2.806000
2.871000
2.768000
2.800000
2.878000
2.741000
2.784000
3.392000
2.866000
2.789000
2.913000
2.820000
2.850000
2.860000
2.884000
2.942000
2.893000
2.748000
2.723000
3.160000
3.277000
2.700000
2.905000
2.957000
2.868000
2.875000
2.855000
2.848000
2.847000
2.848000
2.794000
2.718000
2.814000
2.808000
2.806000
2.735000
2.833000
2.787000
2.889000
3.310000
2.859000
2.916000
3.198000
3.225000
2.918000
3.295000
3.436000
2.935000
2.903000
3.370000
2.819000
2.802000
3.081000
2.912000
3.052000
2.931000
3.191000
2.950000
2.810000
2.867000
2.853000
2.921000
2.906000
2.802000
2.838000
2.932000
2.811000
2.925000
3.308000
3.687000
2.704000
2.809000
2.778000
2.854000
2.822000
3.568000
2.838000
2.792000
2.747000
3.095000
2.914000
3.038000
2.837000
2.689000
2.791000
2.704000
2.704000
3.023000
3.459000
3.036000
2.881000
3.454000
3.010000
2.842000
2.708000
3.621000
3.012000
3.385000
2.926000
2.657000
3.112000
2.801000
2.719000
2.906000
2.764000
2.696000
3.418000
3.020000
2.900000
3.340000
2.914000
2.835000
2.728000
2.996000
2.910000
2.876000
3.259000
2.881000
2.935000
2.878000
2.886000
3.326000
3.484000
2.878000
3.265000
2.729000
3.013000
2.788000
2.803000
2.830000
2.839000
2.893000
2.783000
2.839000
2.698000
2.810000
2.927000
2.843000
3.343000
3.353000
2.929000
2.945000
2.762000
2.844000
2.787000
2.742000
3.331000
3.653000
3.293000
2.850000
2.773000
3.108000
3.300000
2.842000
2.915000
2.854000
2.820000
2.862000
2.839000
3.398000
2.888000
2.858000
2.828000
2.813000
2.849000
3.097000
2.856000
2.782000
3.467000
3.658000
2.973000
2.783000
2.811000
3.013000
2.852000
2.827000
2.774000
2.865000
2.838000
3.006000
2.996000
3.458000
3.250000
3.001000
3.033000
3.426000
2.859000
3.389000
2.904000
2.794000
3.251000
3.463000
2.955000
2.895000
3.285000
3.565000
2.885000
3.033000
3.447000
3.274000
4.646000
3.249000
3.396000
3.818000
3.485000
4.169000
4.257000
3.415000
3.897000
3.244000
3.406000
3.294000
3.720000
3.156000
3.278000
3.200000
3.267000
3.322000
3.255000
3.230000
3.112000
3.181000
3.083000
3.321000
3.011000
3.280000
3.055000
3.662000
3.089000
2.966000
3.672000
3.548000
3.794000
3.030000
3.061000
2.896000
2.897000
2.976000
2.962000
3.177000
3.070000
2.952000
3.504000
3.159000
3.057000
3.586000
3.052000
3.050000
3.036000
3.128000
3.007000
2.944000
2.933000
2.890000
2.988000
3.495000
3.091000
3.717000
3.460000
3.708000
3.421000
2.829000
2.923000
3.269000
3.218000
2.928000
2.910000
2.895000
2.773000
2.856000
2.821000
2.803000
2.876000
3.365000
2.797000
2.708000
2.815000
2.750000
2.915000
2.735000
2.831000
3.002000
2.883000
2.765000
2.751000
6.560000
2.918000
3.003000
2.876000
2.912000
3.270000
2.922000
2.674000
2.772000
2.912000
2.820000
3.461000
3.345000
3.143000
3.008000
2.872000
3.012000
2.978000
2.893000
3.305000
2.818000
2.989000
2.882000
2.863000
2.890000
2.818000
2.850000
2.773000
2.749000
2.800000
2.988000
3.530000
3.136000
2.874000
2.841000
2.819000
3.358000
3.338000
2.809000
2.802000
3.350000
2.638000
2.689000
2.998000
2.908000
2.740000
3.339000
2.790000
3.411000
2.716000
2.775000
3.510000
2.807000
3.448000
2.826000
2.932000
2.744000
2.804000
2.892000
2.984000
2.764000
2.949000
2.920000
2.914000
3.318000
2.955000
3.751000
10.797000
3.393000
2.929000
11.384000
6.302000
6.184000
2.930000
6.663000
3.892000
3.892000
4.129000
3.866000
5.076000
4.024000
3.705000
3.708000
3.667000
3.788000
3.909000
4.325000
3.957000
3.738000
3.757000
3.659000
3.685000
3.603000
4.198000
3.453000
3.467000
3.595000
3.368000
3.355000
3.910000
3.287000
3.320000
3.241000
3.192000
3.229000
3.372000
3.360000
3.185000
3.245000
3.368000
3.805000
3.916000
3.915000
3.784000
4.027000
3.310000
3.274000
3.919000
4.020000
3.949000
3.042000
3.568000
3.512000
3.120000
3.495000
3.621000
3.077000
3.644000
2.950000
3.616000
3.029000
2.991000
2.846000
2.802000
2.828000
2.901000
2.748000
2.905000
2.795000
3.218000
10.611000
2.955000
2.988000
2.831000
2.892000
2.965000
2.903000
2.949000
2.932000
2.906000
2.837000
2.810000
2.773000
3.156000
2.822000
2.972000
3.249000
2.793000
2.835000
2.836000
2.888000
2.796000
3.083000
2.982000
2.618000
2.759000
2.811000
2.909000
2.757000
2.758000
2.920000
2.749000
2.832000
3.261000
3.183000
2.923000
2.884000
2.991000
2.839000
2.889000
2.850000
3.810000
3.076000
2.955000
2.862000
2.812000
2.908000
3.414000
2.927000
2.918000
2.797000
2.920000
3.510000
2.866000
2.880000
2.969000
3.443000
2.985000
2.903000
3.069000
20.955000
3.428000
3.392000
3.587000
3.455000
3.376000
2.968000
3.336000
3.247000
2.922000
2.888000
3.250000
2.936000
2.737000
3.244000
2.908000
2.724000
2.974000
2.820000
2.921000
3.538000
2.853000
2.903000
3.396000
3.288000
3.137000
2.974000
2.780000
2.745000
3.269000
2.810000
2.821000
2.830000
2.894000
2.902000
2.885000
2.797000
2.824000
3.258000
2.856000
2.781000
2.867000
2.868000
2.797000
2.725000
2.863000
2.926000
2.701000
3.539000
2.768000
5.999000
3.293000
3.418000
2.872000
3.381000
2.834000
3.695000
2.787000
3.103000
3.064000
2.679000
2.668000
2.852000
2.774000
2.682000
3.118000
2.707000
3.254000
2.773000
2.790000
2.820000
3.508000
3.446000
2.775000
2.848000
2.822000
2.755000
2.678000
3.006000
2.907000
2.914000
2.832000
2.878000
2.989000
2.865000
3.496000
2.964000
2.803000
3.337000
2.714000
2.906000
2.744000
2.960000
2.846000
3.092000
2.795000
2.873000
3.251000
2.842000
2.804000
3.427000
3.013000
2.957000
2.840000
2.928000
2.749000
2.851000
2.752000
2.920000
2.772000
3.262000
2.870000
2.793000
2.995000
10.755000
2.908000
2.748000
2.884000
2.698000
2.847000
2.781000
2.807000
2.875000
3.482000
3.568000
3.531000
2.689000
2.717000
2.872000
2.841000
2.784000
2.723000
2.769000
2.991000
3.246000
2.899000
3.477000
2.938000
3.329000
2.954000
3.035000
3.384000
2.819000
2.800000
2.824000
2.960000
2.839000
3.470000
2.857000
3.401000
2.990000
2.716000
2.868000
2.836000
3.540000
2.885000
3.360000
2.822000
2.745000
2.876000
2.952000
2.853000
2.838000
3.125000
2.840000
2.687000
2.820000
3.441000
2.735000
2.896000
2.912000
2.812000
2.753000
3.438000
2.832000
2.971000
2.766000
3.334000
3.082000
2.945000
3.332000
2.912000
3.392000
2.805000
2.884000
3.506000
2.950000
2.881000
2.929000
2.907000
2.961000
2.810000
2.850000
2.816000
3.004000
3.002000
2.802000
2.845000
2.857000
2.894000
2.671000
2.794000
2.840000
2.827000
3.066000
2.762000
2.750000
3.152000
10.279000
3.302000
2.904000
3.290000
2.838000
2.775000
2.840000
2.754000
2.700000
3.175000
3.395000
2.890000
2.961000
2.888000
2.797000
5.947000
3.366000
2.633000
2.802000
2.859000
2.810000
2.897000
2.959000
2.835000
2.809000
2.807000
2.973000
3.188000
2.668000
3.330000
3.169000
2.907000
2.939000
2.727000
2.912000
2.893000
3.631000
3.646000
2.916000
2.818000
2.831000
2.807000
2.743000
2.711000
2.863000
3.308000
2.710000
2.663000
2.809000
2.769000
3.438000
3.347000
3.296000
2.946000
