6.843299
5.919103
6.036624
5.607439
5.882756
5.205715
5.157863
5.169902
4.372635
5.242152
4.449692
4.161064
4.338455
5.215092
4.129363
3.947341
4.044136
3.941913
4.094528
4.618721
3.841662
3.693652
3.148349
3.274114
3.404414
4.177355
3.338984
3.497452
3.192057
2.677584
3.690415
3.094519
3.472689
3.391506
3.503478
2.949733
3.374071
3.680250
2.963821
7.146980
5.271606
3.679357
5.448676
5.447069
4.576534
5.036584
4.614354
3.822701
4.468918
4.532909
3.809609
4.482193
4.578670
3.870936
3.756575
3.899276
4.163119
3.358963
3.497676
3.508481
3.614231
3.496288
3.264186
3.227111
3.445025
3.284193
3.137333
2.853788
3.316805
4.034557
2.865692
3.456580
3.596069
3.639800
3.004914
2.991375
2.972026
2.945521
3.574585
3.457791
3.656709
2.858793
2.790349
3.465066
3.844390
2.946957
3.296113
3.859006
3.349800
3.280517
2.828633
2.697216
2.833253
3.377531
2.941374
3.311893
2.904736
3.002912
3.451979
3.640764
3.055264
3.392104
3.190490
2.995004
2.688530
3.656357
3.165885
3.361624
3.306443
3.257381
2.732748
3.348787
3.150430
2.956115
2.835822
2.969472
3.301380
3.128636
3.228836
3.284705
2.757100
3.193233
2.816750
2.808021
3.932266
3.156091
3.298234
3.857676
2.997337
2.713161
3.104510
3.100363
2.879012
3.785396
3.760598
3.164629
3.078565
3.259761
3.080952
3.469341
2.878886
3.750834
3.402219
3.485681
2.649991
3.552882
3.303630
3.709566
3.028901
3.144752
3.289552
3.205921
3.058889
2.699077
3.015305
2.916684
3.179839
2.821179
3.542940
3.083514
3.276900
3.113223
3.121087
3.479174
3.301579
2.827097
3.391631
3.242551
2.947932
3.427185
3.428537
3.067481
2.961825
3.570558
2.966959
3.058012
3.227431
3.130485
2.302587
3.481045
2.957381
3.335398
3.458387
3.128366
2.678603
3.363073
3.098371
2.773172
2.920589
3.417331
3.089467
3.094806
3.127969
3.208835
3.624284
3.195757
2.918951
2.651684
2.956844
3.157558
3.042898
3.032049
3.436081
3.465309
3.295352
3.102955
3.687149
3.758126
2.959493
2.970894
3.357107
2.764509
3.239929
4.521936
3.614313
4.170553
2.915083
3.275266
3.640520
3.089380
3.104322
3.382952
3.089165
2.970287
3.197294
3.526118
3.149543
3.096485
3.380565
3.481898
2.679537
2.963814
3.438426
3.227369
3.013468
3.959036
3.443921
4.020277
2.914761
3.140787
3.235274
2.625189
3.534742
3.461431
2.936883
3.172766
3.439880
3.340747
2.877330
3.079808
2.870277
3.432783
3.497282
3.007122
3.792343
3.170432
2.877386
2.942860
2.946919
2.988463
3.482728
2.734868
3.107224
3.829607
3.103601
2.772190
3.127588
3.120514
3.417787
3.336093
3.191332
3.711671
2.994144
3.633989
3.678083
3.070640
3.140301
3.432817
3.250198
3.420351
4.063931
3.761347
3.936546
3.272755
3.079902
3.136364
3.238251
3.252918
3.426666
3.160415
3.436116
3.098627
3.048669
3.083855
3.065533
3.835369
2.982601
3.182245
3.640006
3.033372
2.780772
3.254322
3.249274
3.117217
3.433336
2.912674
3.355493
2.937203
3.607948
2.885852
3.009671
3.028849
2.886759
2.806215
4.016049
3.140848
2.969691
3.209349
2.948422
3.413679
2.821863
2.847156
2.740333
3.316852
3.275299
3.454552
3.286164
3.169826
2.750720
3.112123
3.400547
3.049618
3.839751
3.923963
3.268468
2.950703
3.099658
2.816855
3.550176
3.269924
3.635209
3.276160
3.635995
2.957412
3.384842
3.150946
3.067140
3.634089
2.873043
2.704301
3.160695
3.381717
3.248542
3.389715
3.514306
3.361088
3.082862
2.736168
3.260998
3.342406
3.131332
4.609109
2.959511
3.482266
3.510093
3.013696
3.210559
3.203445
3.367149
2.782555
2.972056
3.135647
3.583248
2.891586
2.778967
4.526933
3.650515
3.500541
3.166484
3.099000
3.777841
3.209966
2.930214
3.244262
3.275749
2.884182
3.137564
3.059955
3.438181
3.596034
3.587953
3.179409
2.989345
2.904391
3.204498
2.945908
3.101883
3.103206
2.794411
3.570139
3.591612
3.642444
2.805757
3.278506
3.267792
3.026175
2.997850
3.264532
2.764230
3.009690
3.386652
3.353030
2.727041
3.018022
2.612517
3.540759
2.912004
3.480156
2.736010
3.121394
3.119252
3.473224
3.860104
3.810578
3.477032
3.313241
3.209421
3.322746
3.502746
3.150162
3.294028
2.543412
3.398764
3.281596
4.129422
3.480391
3.001753
3.251332
3.162776
2.957903
3.078336
2.973006
3.019537
4.145747
3.628788
3.016057
2.904331
3.219840
3.289024
3.148061
3.380296
3.378245
3.386546
2.907706
3.541589
3.070897
3.295824
2.921885
3.439570
3.795708
3.375912
3.418713
3.206915
3.480878
3.210996
3.037510
2.912960
3.735959
3.413621
3.453305
3.183958
3.133470
2.987666
3.560094
3.317507
2.682818
3.295750
3.278214
2.946552
3.450830
3.136592
3.994358
3.013744
2.936499
3.228979
2.859017
3.002931
3.934150
3.062850
3.593010
3.352609
3.078202
2.820412
3.922381
2.751210
3.451628
3.651686
3.010899
3.480944
3.002690
2.764057
3.326409
3.679121
2.785942
3.691621
3.108099
3.292580
3.008850
3.115057
3.147637
3.287657
3.656840
3.253891
3.231209
3.045932
3.460804
3.799984
3.221556
3.035204
3.057750
3.248020
3.415859
2.897840
3.668738
3.468469
3.651337
3.698257
3.037671
2.831246
3.106858
3.063270
2.942606
3.941695
2.774919
3.853064
2.685942
3.012015
3.548512
4.073648
3.536332
2.986437
2.666357
3.477765
3.474746
2.950919
3.651950
3.169882
3.940938
4.003402
3.010164
3.296205
2.925944
3.339201
3.008906
2.997894
3.415455
3.033100
2.747573
3.711888
3.027929
3.561162
3.236778
3.538279
4.032059
3.303119
2.845737
3.542419
3.197185
3.264405
3.088343
3.086735
3.004232
3.513952
3.194250
3.085194
3.504970
3.355753
3.252537
3.803336
2.974375
2.853302
3.133100
3.734837
3.364218
3.088679
3.292679
3.712581
3.012193
3.103427
3.264709
3.744508
3.190720
3.912445
3.203193
2.838827
3.461240
3.510743
3.887104
2.951421
4.215215
3.812141
3.688779
3.170039
4.008813
3.173326
3.358219
2.603313
2.627952
3.231578
3.347109
3.166130
3.440915
3.406349
3.487657
3.488504
3.156734
3.011536
3.924800
3.556937
3.428357
3.088217
3.250254
2.874411
2.570475
2.845096
3.161475
2.963627
2.951394
3.369111
3.097156
3.442633
3.650220
2.945783
2.930468
3.868748
3.567615
2.920202
3.348260
3.725110
2.721965
3.213593
3.318893
2.709519
3.367905
3.480410
2.975201
2.828194
3.315087
2.928787
2.958788
2.936071
3.029301
4.097958
2.920027
2.492783
2.976419
3.308886
2.989385
3.149392
3.310406
2.608492
3.829014
2.879655
3.393514
3.311319
3.603104
3.797446
3.113742
3.290491
2.081629
3.412979
3.713061
3.003214
3.482066
3.410768
3.224679
3.490020
3.228953
3.099736
3.342225
3.272508
3.271712
3.900564
3.097379
3.337591
3.263738
3.271656
3.482963
2.960756
2.985151
3.204878
3.382444
3.456164
2.858182
3.287405
2.986247
3.593296
3.204098
2.945661
3.159905
3.243475
3.357317
3.450067
3.352425
3.498411
3.056822
3.274399
3.198957
3.013810
3.325957
3.109918
2.898814
2.818276
4.027721
3.298925
2.916140
3.081451
3.257182
3.572646
3.701958
3.400374
2.971610
3.452908
3.309623
3.205037
3.187843
3.408918
2.757918
3.077378
2.853938
3.615302
3.100160
2.878449
3.300141
2.791180
3.218068
2.839558
3.400294
3.054469
2.979770
3.382765
3.800426
3.312800
2.989878
3.589562
2.985098
3.017773
3.424066
3.471496
3.385292
2.922737
3.455812
3.110398
2.947943
3.439091
3.038048
2.808715
2.967712
3.393472
3.345353
3.491398
3.192195
2.967925
2.834521
3.651511
4.099539
3.594498
3.363335
3.108985
2.971044
3.094711
3.810699
3.192184
3.351531
3.365357
3.238923
3.016839
3.136812
3.484977
3.194307
3.129066
3.706502
3.495541
2.918425
3.186386
2.992412
3.185821
3.138933
3.187152
3.066302
3.452108
3.161765
3.070480
2.900806
3.265714
3.271451
3.754151
4.108867
3.495054
3.035703
3.713372
3.288833
3.884970
2.907373
3.192535
3.312561
3.118665
3.358456
2.944817
3.824611
3.120729
2.908558
3.619570
3.491321
3.837815
4.365407
4.644172
3.780892
3.182893
3.167589
3.089122
3.294116
3.507028
3.391646
2.841931
3.121478
3.163103
2.862123
2.781212
3.267731
2.995888
3.289518
3.094175
3.108628
3.329128
3.127332
3.205048
3.030743
3.573497
3.072575
3.007816
3.498630
3.019702
2.895494
2.858528
3.029859
3.739207
3.418107
3.914791
3.044527
3.687664
2.961539
3.049062
3.531671
3.537051
3.188796
3.328294
3.157814
3.243896
3.322063
4.383141
3.611263
3.413167
3.214980
3.530125
3.043592
3.332198
3.779276
2.835845
3.092515
3.219617
3.255125
3.317446
3.574911
3.248277
3.507522
2.939871
3.429255
3.602268
2.696091
2.993090
3.400946
3.216356
4.029334
2.741280
2.870356
2.839817
3.634013
2.943739
3.174967
3.305367
2.777603
2.957515
3.095678
2.994112
3.413774
2.986668
3.268110
3.501087
2.775557
3.123958
3.181211
3.397695
3.281248
3.110828
3.711679
3.536456
3.509889
3.296310
3.225882
3.311054
3.577646
3.286763
2.896705
3.384163
2.919702
3.320272
3.963783
2.984346
3.675534
2.940060
3.269981
2.938793
3.092880
3.181714
2.700887
2.935874
2.301090
3.297185
2.833733
2.755145
3.057394
3.066581
2.695558
3.095401
3.309433
2.571199
3.780756
3.351541
3.067099
3.322749
2.847228
3.670607
2.928775
3.997690
3.276972
2.735462
2.987183
2.737768
3.254355
2.861482
3.244350
2.941924
3.101879
3.861724
3.122728
3.010929
3.388483
2.873420
3.487520
3.733857
3.391991
2.824692
3.238565
3.203330
4.064143
2.948560
3.092426
3.229559
3.160997
2.953198
2.995445
3.668657
3.260751
3.448526
3.125759
3.000480
3.124429
2.697436
3.300018
3.030994
3.504652
3.734038
2.724480
2.766613
3.081990
3.029136
3.550365
4.179138
4.089299
3.409200
2.671853
3.457005
3.648611
3.536296
3.788744
3.144112
2.595172
2.916186
3.183370
463.507700
347.811400
344.119700
304.257100
286.789900
279.915200
311.847500
263.818100
255.013500
240.263500
239.353700
219.637900
227.123400
224.912700
252.513200
219.071800
215.502400
199.167600
243.003500
197.718600
200.700100
205.168000
179.600300
182.610100
185.803200
190.246800
171.011700
171.729100
169.695500
160.878800
241.068600
207.328900
157.804500
182.176700
208.192100
186.445000
215.377700
180.266900
173.707500
171.051100
177.609000
155.140300
171.447300
169.664100
173.434900
193.691400
198.473600
225.569600
189.261600
168.777600
177.414900
169.626300
192.712900
166.009500
317.638800
282.325400
250.778800
286.132500
235.511000
240.635800
226.465200
239.783300
211.694200
260.191200
232.866700
249.839400
225.440900
195.943300
197.412000
201.072800
179.291100
227.286400
176.406300
198.975900
211.516100
171.262200
190.468400
183.194300
185.692000
161.358100
169.191400
182.302400
160.639800
163.570700
217.437600
165.705400
168.118300
178.197200
166.673500
184.940600
174.503100
163.201700
184.645900
170.810300
167.741900
182.881500
175.656200
183.491200
177.896100
158.189300
177.318100
194.698000
187.646700
189.265500
159.308100
180.542500
161.395300
167.545200
184.818400
187.975700
212.528100
168.175500
206.856000
165.557700
162.528100
170.543500
233.427400
160.803700
210.983700
161.563600
163.830800
178.317100
168.277200
182.882600
176.001000
187.286600
182.829400
183.680300
191.499700
167.921800
175.847700
190.357800
170.052000
232.519300
163.585800
170.286800
153.673800
158.754200
167.872100
170.955900
169.468700
169.232800
164.407100
164.494600
171.255500
177.670000
169.506600
166.124800
195.267400
168.988400
251.226000
164.018400
170.585100
174.134500
159.250900
175.738700
182.042900
203.769100
179.355900
177.076800
170.430900
169.893600
170.319600
171.471100
164.367200
166.445200
170.485700
221.149100
171.148100
163.723800
163.411000
162.053400
177.972200
160.354700
171.154900
219.410600
170.967200
190.637300
165.081500
174.435500
169.695300
170.056700
162.540500
164.936700
175.853600
176.196400
158.218500
160.558800
173.299100
183.149900
161.155200
180.661200
167.360900
158.975100
160.011900
199.527200
166.297000
174.043300
165.050700
193.017100
160.013900
201.104300
175.718900
196.376500
192.892800
183.581300
184.459800
164.314100
173.883800
172.510100
185.270000
198.629200
165.229300
181.619200
178.019600
170.959800
178.655000
167.949700
178.312700
214.076500
178.221300
174.457900
185.991100
171.355200
173.201200
190.807300
178.115900
161.220900
167.753800
169.355700
182.583200
187.315100
187.833700
171.431700
171.008800
181.113000
220.972800
194.995200
181.576400
165.855500
190.077800
184.553900
188.332800
179.533700
181.649500
166.216300
181.933900
164.077000
172.394400
173.272900
193.022200
177.744200
168.873200
210.500000
186.814500
189.080000
191.746000
165.011000
168.177800
188.075500
204.817800
165.533900
174.429400
171.729700
197.480400
177.815400
179.596200
178.113800
189.033300
186.239900
188.660900
209.851800
164.067500
166.710700
189.747300
190.447300
179.696900
193.032200
157.800400
225.795600
172.153400
193.289200
171.151800
193.753100
201.891800
162.525500
173.203000
165.442000
195.669600
171.546100
175.629900
160.820300
173.902200
181.991800
167.472400
193.745300
169.009100
166.712200
168.443000
172.647400
174.531900
194.527500
192.972000
188.678600
191.831000
193.878700
167.424700
184.143300
160.448500
174.241000
166.279000
172.273000
196.708800
166.869000
165.489700
184.742600
162.267900
166.009100
202.603600
173.645500
169.211100
164.705100
186.528600
202.813500
177.627900
179.542000
161.978400
192.068500
155.857100
175.119700
166.027000
187.820300
185.956400
174.325100
179.032300
187.925200
190.767400
178.394600
170.834700
209.833500
193.648500
186.581400
185.667300
166.977700
166.199100
166.616900
185.891600
188.213900
181.679600
164.538800
199.566900
175.686400
183.397800
165.602300
172.650600
190.197800
203.647500
169.971900
193.363400
173.049800
168.493500
185.940400
235.107400
188.318000
198.616300
174.338300
214.040400
177.367300
184.979000
173.703600
209.610300
203.378400
180.340700
160.424000
167.254900
176.160800
163.850300
176.618700
165.431200
172.816500
167.074200
175.009900
181.359000
165.108700
158.000100
168.474500
221.794000
164.648700
172.790300
169.499100
186.959600
215.127700
163.114100
202.645600
171.613000
160.749200
166.423300
182.391900
166.023200
174.463000
185.990400
167.090900
199.846600
186.090000
247.072300
205.967200
171.890800
164.819100
183.258700
194.555600
181.050300
187.846700
165.078100
166.910000
165.988500
174.796400
173.931500
175.998700
181.551800
234.911600
169.501000
186.222300
210.440700
161.615800
191.175200
172.109000
166.944900
188.606300
175.080700
212.538100
185.085800
155.193000
164.906600
212.718400
157.840000
159.355900
166.658100
178.920000
173.309800
243.096300
201.156500
159.042400
175.503400
166.542400
170.906100
177.350900
182.256400
169.073600
171.750600
169.648600
181.828600
166.396300
165.980300
158.294800
170.765500
209.831500
235.952700
173.609600
173.680000
170.078800
168.293000
214.630700
164.865800
165.942600
168.540400
175.174900
172.634500
176.572300
156.934000
178.080700
165.419200
184.747900
172.484400
229.699700
167.931500
173.302200
184.972200
174.120100
178.936400
175.374300
169.484600
189.975000
173.506800
160.212600
185.923800
170.377100
224.688300
247.438200
177.024900
158.276600
164.477200
176.856800
158.717500
180.244300
172.906100
164.782600
174.099600
164.723900
174.435400
176.357400
163.728800
167.677800
166.023400
220.275200
262.164900
171.018300
186.917400
163.870100
177.641100
169.314500
164.350400
163.649400
168.966500
177.480500
166.797100
161.100500
166.394700
158.893900
169.946300
207.014100
194.790800
185.183000
176.676500
188.581900
185.718900
182.715900
168.278800
170.192000
179.190600
172.004000
179.811500
203.679000
201.075600
180.538300
198.678700
199.339500
190.050000
176.501500
201.786000
178.045700
193.327000
178.045400
174.882000
179.537100
167.933400
170.033400
171.329100
173.076900
174.009300
170.798900
161.902100
191.652100
173.011000
186.580300
180.998400
186.740100
164.516100
177.018100
167.680100
199.321500
171.433700
171.141600
162.394200
170.206500
159.988300
159.308800
173.719900
229.375500
173.024900
191.491300
233.815500
170.203100
187.465400
173.962200
182.117400
189.379500
194.145900
157.768300
170.544700
164.950500
165.935200
167.450400
163.681000
165.433400
171.520300
193.788800
196.317600
220.922000
175.398800
207.373700
190.613200
167.185900
190.790900
167.014100
176.034000
185.190300
166.992800
197.883500
189.087300
193.842400
181.976300
171.403500
187.344900
156.767000
167.890300
169.822400
160.862700
164.776900
174.045100
168.631200
168.926800
173.815100
164.941200
198.366400
198.716900
168.710900
214.563400
192.195400
197.158600
168.917200
171.025400
274.062600
182.847900
170.886600
161.837500
181.174100
194.367600
191.851000
169.332200
169.316900
174.823700
166.243800
199.510500
204.064400
164.960700
177.749400
165.454900
206.609100
227.232500
172.737900
167.402100
179.771700
164.424900
176.848100
173.308200
172.762400
159.530000
162.387600
184.443600
173.980500
181.928600
160.482400
175.553700
161.919200
186.464100
212.893100
190.059500
166.303100
176.202400
191.823500
182.340600
173.649900
161.775000
170.431500
176.324000
191.501200
158.730400
163.364800
171.701600
160.345000
181.933900
175.723900
171.897500
199.960400
168.837000
184.862000
169.859500
187.552900
193.163400
182.648400
165.862700
229.614500
161.562000
170.538000
198.964900
165.132500
186.413700
218.068000
160.534700
177.338400
197.441700
167.496000
187.782700
164.606400
170.814500
194.229800
177.849800
196.541800
217.280400
157.276900
186.030100
171.017100
167.158400
184.253300
174.783200
194.716600
167.049400
257.228800
164.973000
170.012000
174.913300
166.702400
182.905400
196.699600
174.004400
166.223600
169.001300
170.133400
169.879600
179.324900
161.996800
194.809600
163.515600
181.251700
178.296400
187.026000
164.638000
232.883000
190.760900
173.012100
203.489100
186.664500
163.881100
201.352600
166.035500
252.863800
202.375700
159.461000
178.419200
189.710700
193.843800
189.343200
244.240500
161.566900
174.311400
181.707400
173.060500
179.374400
163.361800
172.428000
166.174600
158.919900
183.131400
182.825700
172.589600
172.389100
171.130400
186.752800
164.168300
188.166000
160.581200
170.242000
176.637900
171.368100
158.661000
165.013900
167.552800
161.085400
170.349200
198.363000
165.234900
168.869300
186.691400
193.940900
180.282800
230.563800
188.647000
178.252700
168.502400
177.297800
173.981900
203.261500
162.457500
178.594800
180.387300
180.318600
157.847700
165.118400
160.837800
170.807600
160.929300
159.600700
250.790000
172.330900
183.528000
209.292200
168.414900
165.202700
176.534500
243.132400
171.985200
176.719300
166.066800
168.325300
165.604300
181.264500
172.417100
173.595100
210.739100
206.516400
171.765700
167.742900
173.163600
166.704000
202.810800
167.982600
171.620000
166.718200
196.553100
171.793900
192.083000
166.710600
167.649500
165.832400
180.193000
271.314700
190.576400
175.791000
171.346700
196.539500
198.170100
191.164000
181.181700
184.097900
166.738500
163.524300
165.966800
167.039100
177.613800
202.993600
163.463700
168.423400
197.544300
186.440300
170.852300
183.958800
170.423900
182.318900
172.245500
161.625900
164.558900
160.864900
186.513500
160.907800
204.677800
190.288600
173.986100
175.556200
171.066800
182.877600
166.144400
161.908400
167.515200
170.848000
162.298000
158.309100
192.290100
168.493700
177.277000
188.432300
223.038200
191.102700
171.195400
175.524300
165.132900
208.674700
172.733800
189.071500
173.066900
181.323200
219.817000
193.650000
177.340200
200.210900
186.802400
175.105100
189.157000
167.436300
201.775500
179.385600
157.862300
173.546600
215.098300
174.288400
167.361300
198.389200
187.966100
181.868700
167.167000
164.034100
179.532400
161.002600
190.807800
183.143200
166.444100
177.578800
161.523400
164.482600
180.617700
158.748800
168.019700
167.497700
163.300800
210.413800
214.359300
159.058300
161.722600
174.786300
172.307100
173.960600
168.203600
174.127000
169.004400
173.416100
171.302000
165.916500
183.933300
231.090000
201.544100
196.917500
189.412300
189.248100
171.233500
168.320200
189.185600
197.818500
200.080200
158.375200
170.297800
181.992000
190.061500
215.424500
220.956100
163.303000
169.389900
176.675500
199.626400
185.130300
169.715000
203.239800
176.165200
161.858800
170.191000
195.398100
171.805400
170.140300
152.299400
151.996900
199.317100
197.632400
215.541800
191.178600
233.555100
185.983400
193.480800
166.641900
173.801400
208.438000
164.959500
170.460400
223.233800
161.207500
167.895100
187.382500
162.955900
167.851100
165.703200
238.678600
178.556700
175.327600
174.591800
164.661700
156.743600
168.389100
200.350200
177.628000
182.721100
178.292100
181.986500
193.321600
164.269600
164.373300
196.394500
172.775700
200.543700
167.646600
164.869700
164.678000
159.554800
175.860400
