753.493000
451.749000
435.870000
557.118000
394.724000
466.703000
357.544000
340.954000
285.223000
417.088000
296.391000
340.905000
395.569000
349.346000
293.311000
386.402000
324.648000
372.422000
297.894000
273.682000
366.610000
236.956000
482.255000
473.822000
250.958000
240.771000
272.584000
251.520000
236.418000
274.045000
209.983000
330.932000
295.887000
329.917000
369.231000
325.547000
180.796000
393.791000
218.273000
276.171000
514.705000
258.655000
408.719000
296.933000
270.624000
312.939000
522.165000
311.707000
256.332000
306.828000
333.770000
276.092000
216.572000
223.520000
348.371000
203.909000
208.566000
232.417000
183.087000
241.594000
224.597000
218.682000
312.097000
270.436000
209.449000
204.948000
298.041000
203.645000
213.517000
309.109000
231.023000
191.003000
216.168000
228.677000
330.935000
302.382000
303.899000
293.843000
283.340000
402.692000
251.715000
307.927000
229.317000
359.083000
242.195000
228.305000
356.086000
227.832000
346.101000
222.909000
195.720000
204.200000
254.614000
268.756000
284.866000
203.918000
165.924000
202.844000
244.590000
196.352000
222.084000
329.168000
339.340000
233.287000
225.572000
227.905000
280.579000
279.602000
368.687000
316.278000
197.183000
216.302000
248.667000
283.086000
190.656000
209.261000
354.206000
303.669000
239.476000
192.283000
277.131000
191.845000
159.319000
347.073000
223.614000
293.134000
325.493000
321.401000
190.402000
195.695000
209.310000
366.697000
271.739000
328.769000
329.388000
282.322000
220.462000
328.441000
310.149000
253.734000
235.539000
190.214000
171.187000
310.433000
341.080000
246.634000
229.435000
400.710000
199.940000
317.433000
236.512000
206.839000
318.854000
203.813000
234.014000
202.501000
257.020000
243.171000
247.911000
223.197000
249.184000
207.270000
271.691000
267.961000
264.110000
208.780000
377.781000
245.745000
420.111000
243.218000
229.562000
259.912000
239.593000
173.363000
199.947000
233.929000
197.186000
263.578000
455.007000
285.290000
239.515000
233.412000
277.608000
189.907000
240.308000
248.329000
211.418000
371.806000
347.044000
214.187000
261.868000
239.224000
248.166000
183.256000
193.908000
231.080000
238.108000
263.888000
276.538000
299.102000
250.316000
221.114000
203.750000
285.302000
296.167000
209.860000
341.129000
383.632000
306.993000
209.065000
265.718000
215.188000
179.227000
259.574000
620.361000
195.860000
182.341000
229.016000
225.646000
225.220000
227.076000
208.811000
367.799000
249.616000
249.749000
202.871000
223.067000
244.924000
287.510000
210.011000
301.019000
228.252000
252.981000
324.178000
212.502000
291.321000
362.617000
221.728000
263.520000
459.726000
283.606000
179.359000
225.797000
220.421000
200.686000
192.728000
289.436000
231.177000
242.560000
241.870000
250.741000
241.884000
227.685000
241.465000
220.304000
471.775000
302.884000
254.138000
272.408000
285.114000
224.374000
382.835000
414.361000
303.465000
227.792000
271.175000
372.423000
303.888000
235.400000
217.383000
353.789000
227.416000
311.285000
257.957000
213.847000
207.353000
175.542000
206.250000
303.515000
216.551000
355.893000
167.720000
251.020000
191.360000
259.368000
259.311000
233.627000
180.447000
215.229000
300.849000
205.513000
190.030000
283.998000
215.127000
285.711000
269.081000
197.807000
323.805000
195.563000
182.359000
192.434000
184.748000
198.199000
193.719000
184.508000
255.498000
190.090000
371.827000
240.884000
258.754000
190.904000
269.625000
336.422000
291.380000
322.189000
228.813000
270.731000
208.192000
253.580000
225.335000
252.453000
256.268000
394.110000
285.873000
254.055000
376.472000
244.014000
373.731000
253.958000
241.488000
258.118000
381.916000
197.794000
320.884000
270.808000
230.354000
264.180000
341.413000
401.938000
170.400000
229.859000
267.678000
199.225000
373.195000
275.109000
286.321000
275.702000
282.791000
298.507000
416.875000
223.763000
376.159000
411.075000
613.280000
388.309000
328.493000
275.699000
209.269000
269.112000
390.259000
240.525000
253.261000
242.391000
239.507000
259.595000
275.935000
302.443000
336.582000
205.450000
247.319000
244.371000
299.291000
242.926000
301.659000
228.898000
271.804000
261.920000
204.234000
231.099000
183.210000
321.785000
198.842000
231.858000
225.259000
277.656000
200.019000
201.852000
199.834000
185.180000
188.895000
212.813000
242.651000
185.554000
188.971000
296.188000
241.542000
233.173000
207.756000
222.446000
252.000000
222.866000
207.081000
302.144000
222.307000
172.024000
183.185000
246.907000
172.420000
364.983000
302.704000
182.001000
289.544000
277.932000
231.380000
326.663000
315.717000
265.986000
351.629000
251.673000
327.889000
470.671000
197.263000
253.926000
233.284000
261.654000
419.473000
163.153000
283.657000
265.557000
287.235000
186.214000
238.639000
241.406000
218.621000
223.273000
186.112000
249.863000
213.887000
734.008000
179.385000
332.464000
211.064000
429.111000
435.048000
391.456000
372.144000
361.394000
308.865000
277.072000
197.020000
203.461000
263.890000
284.564000
220.345000
301.684000
209.027000
336.957000
201.130000
211.847000
273.860000
211.242000
208.815000
244.050000
227.336000
266.260000
248.440000
296.797000
197.836000
250.044000
368.253000
260.266000
218.863000
251.674000
219.639000
201.000000
218.678000
298.230000
296.292000
165.518000
348.435000
308.610000
243.021000
264.031000
526.586000
179.920000
242.929000
561.670000
651.963000
212.977000
247.389000
331.083000
323.778000
236.316000
306.916000
180.745000
288.885000
206.737000
220.349000
197.490000
203.606000
198.610000
251.888000
200.662000
204.929000
199.291000
318.890000
236.411000
193.765000
183.103000
251.966000
195.884000
205.754000
184.419000
223.518000
248.461000
224.938000
211.583000
206.699000
212.534000
174.358000
267.504000
164.724000
216.017000
208.581000
260.054000
269.993000
230.165000
183.275000
246.277000
181.990000
203.567000
241.073000
281.041000
233.252000
255.070000
244.008000
232.968000
499.549000
362.671000
209.236000
336.099000
226.621000
249.317000
229.280000
220.007000
216.445000
207.074000
222.290000
176.608000
188.928000
211.001000
202.566000
204.948000
203.886000
286.221000
337.710000
225.725000
244.354000
225.392000
220.201000
238.757000
190.893000
215.002000
261.285000
225.398000
210.897000
267.323000
221.899000
219.535000
184.826000
225.436000
240.908000
288.846000
243.952000
292.711000
175.617000
212.482000
327.130000
210.161000
281.008000
192.128000
248.949000
226.763000
213.186000
204.156000
223.029000
239.842000
190.381000
245.091000
221.832000
258.716000
264.954000
287.332000
207.966000
189.454000
256.173000
256.709000
233.001000
302.552000
251.857000
358.962000
289.652000
309.300000
216.226000
398.508000
185.473000
486.761000
180.592000
277.550000
572.890000
457.237000
383.834000
405.805000
254.595000
364.282000
327.184000
339.882000
260.041000
266.637000
295.967000
347.682000
254.648000
327.678000
249.108000
231.151000
253.455000
242.605000
224.052000
294.786000
257.643000
431.833000
215.844000
306.247000
264.119000
234.016000
235.135000
222.979000
220.263000
246.233000
234.618000
239.316000
236.230000
378.787000
261.952000
264.933000
233.026000
236.804000
198.186000
236.758000
319.662000
282.538000
196.346000
213.326000
175.377000
304.939000
181.084000
192.039000
175.450000
204.255000
230.260000
199.501000
219.974000
191.467000
215.485000
184.331000
243.106000
271.780000
483.648000
284.098000
380.870000
194.585000
484.840000
180.129000
215.958000
443.142000
430.900000
248.625000
331.297000
258.795000
244.627000
210.753000
211.189000
247.890000
261.323000
213.432000
299.109000
210.529000
226.709000
199.309000
201.645000
311.872000
207.403000
229.064000
342.007000
224.812000
248.913000
200.283000
287.085000
226.629000
237.974000
337.126000
180.371000
269.314000
233.061000
187.806000
193.842000
264.992000
260.688000
217.265000
175.298000
206.809000
374.290000
288.853000
250.607000
320.326000
266.594000
262.273000
313.193000
175.061000
257.266000
299.964000
320.951000
190.281000
226.043000
180.179000
211.924000
230.790000
213.177000
265.966000
311.950000
216.209000
387.112000
176.887000
244.568000
254.847000
170.671000
242.807000
235.392000
224.958000
383.966000
265.696000
271.204000
293.801000
196.708000
270.658000
264.526000
422.534000
230.491000
221.020000
208.850000
207.809000
203.241000
231.912000
232.920000
277.408000
231.563000
219.142000
265.478000
283.114000
303.188000
203.382000
187.911000
212.333000
206.449000
229.287000
364.227000
257.371000
186.989000
232.130000
270.544000
177.985000
264.798000
248.006000
185.600000
243.634000
251.531000
235.407000
333.851000
194.241000
376.063000
312.386000
213.728000
242.612000
233.521000
200.631000
240.147000
227.524000
290.595000
206.785000
241.336000
242.852000
205.122000
216.380000
204.671000
235.470000
201.082000
233.407000
523.484000
210.251000
521.431000
172.097000
236.902000
213.130000
206.761000
189.566000
175.913000
260.819000
315.883000
233.494000
216.676000
192.567000
230.808000
197.280000
246.171000
183.794000
387.935000
560.062000
223.783000
307.818000
284.238000
246.986000
237.077000
190.043000
234.357000
244.658000
269.185000
204.353000
204.656000
234.471000
198.066000
335.568000
305.950000
239.325000
268.781000
198.652000
222.658000
214.165000
211.375000
342.479000
219.078000
230.572000
180.872000
261.308000
302.094000
177.927000
198.274000
174.293000
250.296000
192.122000
325.532000
272.446000
235.548000
232.352000
183.993000
175.942000
247.410000
194.398000
218.133000
198.521000
236.340000
172.169000
170.018000
423.010000
219.582000
200.463000
227.965000
261.112000
196.084000
297.063000
190.939000
271.414000
299.144000
291.264000
333.299000
174.438000
276.740000
262.550000
338.793000
236.691000
240.717000
225.975000
203.552000
330.994000
564.066000
331.461000
329.652000
264.584000
219.625000
187.586000
332.812000
202.103000
272.663000
220.940000
326.266000
224.353000
265.937000
425.600000
250.082000
275.535000
226.653000
307.105000
229.654000
201.328000
224.103000
225.216000
246.009000
256.902000
209.959000
328.167000
166.384000
275.684000
257.486000
218.155000
278.123000
239.758000
242.723000
218.454000
253.922000
410.084000
207.054000
189.926000
345.462000
279.734000
270.451000
265.560000
235.158000
193.572000
307.801000
196.194000
218.558000
218.276000
199.998000
215.674000
293.734000
207.939000
226.313000
233.640000
175.844000
268.602000
390.301000
398.855000
238.541000
230.669000
230.525000
265.333000
215.265000
197.063000
230.575000
191.096000
196.707000
258.170000
172.522000
185.904000
222.406000
232.399000
213.659000
274.331000
187.929000
235.970000
221.216000
257.384000
168.991000
189.639000
290.718000
262.375000
199.129000
487.784000
294.844000
279.908000
218.350000
227.467000
262.852000
213.927000
201.679000
234.168000
234.793000
287.772000
212.405000
276.605000
236.364000
207.508000
221.393000
179.863000
303.240000
282.451000
213.156000
238.145000
358.862000
244.548000
245.957000
218.707000
226.614000
214.444000
212.720000
179.883000
250.040000
273.541000
290.746000
243.204000
252.484000
