6.427000
6.045000
6.409000
5.400000
5.332000
5.234000
5.097000
5.221000
5.516000
4.936000
5.081000
4.698000
4.662000
4.275000
4.687000
4.856000
4.412000
4.190000
5.066000
4.210000
4.877000
3.991000
3.918000
4.072000
3.838000
3.948000
3.915000
4.009000
4.026000
3.980000
3.916000
3.767000
3.849000
3.891000
3.819000
4.342000
3.629000
3.812000
3.728000
3.689000
3.522000
3.744000
3.980000
3.481000
3.514000
3.475000
4.014000
3.853000
3.358000
3.672000
3.577000
3.445000
3.379000
3.469000
3.568000
4.221000
3.444000
4.094000
3.352000
3.637000
3.403000
3.275000
3.744000
4.074000
3.126000
3.209000
3.079000
3.171000
3.649000
3.374000
2.937000
3.040000
2.851000
2.822000
2.894000
2.927000
3.266000
2.852000
2.853000
3.123000
2.948000
3.093000
3.409000
2.964000
2.956000
2.866000
2.812000
10.545000
2.776000
2.722000
2.933000
2.889000
3.289000
2.854000
2.712000
2.992000
2.858000
2.780000
2.914000
2.761000
2.694000
2.731000
3.252000
14.814000
4.060000
3.742000
3.828000
4.548000
4.796000
3.822000
3.850000
4.542000
4.032000
4.322000
3.675000
3.744000
3.665000
3.828000
3.726000
3.566000
3.490000
3.498000
3.584000
4.136000
3.618000
4.371000
4.366000
3.571000
3.298000
3.443000
4.110000
3.567000
3.411000
3.307000
3.261000
3.847000
3.351000
3.259000
3.368000
3.609000
3.378000
3.255000
3.910000
3.958000
3.427000
3.563000
3.197000
3.702000
3.694000
3.695000
3.197000
3.459000
2.998000
3.225000
3.123000
3.087000
3.480000
3.012000
3.657000
2.783000
3.031000
3.671000
3.193000
2.960000
2.882000
2.871000
2.854000
2.829000
2.801000
3.033000
3.250000
2.927000
2.922000
3.447000
3.110000
2.824000
2.843000
10.774000
2.933000
3.253000
3.209000
2.900000
2.942000
2.906000
2.885000
2.718000
2.908000
2.772000
2.886000
2.901000
2.689000
2.806000
2.717000
2.688000
3.166000
2.770000
2.859000
2.887000
2.951000
2.820000
2.861000
2.794000
2.815000
10.594000
3.432000
2.735000
2.824000
3.045000
2.867000
3.330000
2.791000
2.787000
2.893000
2.899000
2.748000
3.439000
2.785000
2.770000
2.872000
2.809000
2.875000
2.805000
3.325000
2.675000
2.728000
2.633000
3.408000
3.278000
2.764000
2.854000
2.822000
2.729000
2.662000
3.070000
2.730000
12.187000
2.757000
2.850000
2.891000
2.695000
2.844000
2.794000
2.862000
3.226000
2.883000
2.888000
2.811000
2.764000
3.233000
2.930000
3.342000
2.914000
3.477000
3.042000
2.823000
3.389000
2.974000
3.405000
2.878000
2.918000
3.293000
3.285000
2.749000
3.002000
2.818000
2.894000
2.747000
2.758000
2.851000
2.843000
2.848000
2.909000
2.896000
2.904000
3.405000
2.657000
2.827000
2.829000
2.929000
2.793000
2.892000
3.234000
3.548000
3.384000
2.708000
3.246000
3.379000
3.188000
2.742000
2.880000
2.837000
3.332000
3.442000
3.380000
2.905000
3.035000
2.840000
2.678000
2.819000
3.168000
3.559000
2.924000
2.917000
2.905000
2.836000
10.418000
2.902000
2.806000
3.496000
2.894000
2.743000
2.822000
2.929000
2.848000
2.766000
2.850000
2.901000
2.806000
2.734000
2.957000
2.896000
3.476000
3.347000
2.922000
2.989000
3.299000
3.125000
3.363000
2.808000
2.868000
2.767000
3.420000
2.789000
3.195000
2.832000
2.928000
3.485000
2.980000
2.885000
2.784000
2.846000
2.912000
2.784000
3.401000
3.475000
3.289000
2.859000
2.757000
2.910000
2.809000
2.882000
2.841000
3.578000
2.876000
3.315000
3.521000
3.509000
3.259000
2.786000
3.244000
2.888000
3.008000
10.575000
2.921000
2.830000
2.819000
2.812000
2.803000
2.849000
2.950000
3.427000
3.293000
3.409000
3.491000
2.924000
2.849000
2.877000
2.927000
3.355000
2.882000
3.273000
3.503000
2.779000
2.807000
3.010000
2.944000
2.760000
2.811000
2.938000
2.854000
2.772000
2.870000
2.883000
2.992000
2.918000
2.816000
2.896000
2.750000
2.726000
2.923000
2.682000
2.775000
3.184000
3.527000
3.005000
2.710000
2.988000
2.724000
2.762000
2.749000
3.441000
3.424000
2.796000
2.818000
2.900000
2.986000
2.930000
2.927000
2.894000
3.287000
2.853000
3.529000
3.010000
3.311000
2.852000
2.815000
2.825000
2.866000
3.305000
2.881000
3.416000
3.290000
2.848000
2.926000
2.933000
2.846000
2.808000
3.010000
2.905000
3.370000
3.428000
2.915000
3.041000
2.948000
2.905000
2.847000
2.962000
3.330000
2.752000
2.750000
2.707000
2.713000
2.828000
3.269000
3.373000
2.875000
2.804000
2.784000
3.157000
11.917000
2.932000
2.947000
3.179000
2.836000
2.751000
2.747000
3.386000
2.875000
3.559000
3.348000
2.876000
3.332000
2.768000
2.667000
2.948000
4.406000
3.502000
3.353000
2.844000
2.879000
3.209000
3.057000
2.983000
3.079000
3.047000
2.744000
2.743000
2.750000
2.956000
3.261000
3.437000
2.903000
2.962000
2.886000
3.443000
2.750000
2.842000
2.769000
3.005000
2.854000
2.761000
3.221000
2.711000
2.713000
2.786000
2.746000
3.181000
2.905000
2.932000
2.746000
2.769000
2.859000
2.845000
2.893000
2.694000
2.739000
2.824000
2.866000
2.918000
2.701000
3.397000
2.838000
2.862000
2.807000
2.939000
2.779000
3.187000
3.161000
2.837000
2.819000
2.771000
3.481000
2.962000
2.933000
2.858000
2.944000
2.742000
2.804000
2.792000
2.847000
3.762000
2.854000
2.735000
2.671000
2.893000
2.749000
2.770000
2.965000
2.986000
2.971000
2.812000
2.858000
2.732000
2.813000
3.285000
2.778000
2.724000
3.507000
2.789000
3.177000
3.175000
2.957000
2.973000
3.139000
2.792000
2.785000
2.979000
2.857000
2.752000
2.883000
2.856000
2.765000
3.212000
2.850000
2.704000
2.759000
3.335000
2.992000
2.950000
3.193000
2.760000
2.902000
19.617000
2.946000
2.817000
2.741000
2.797000
2.868000
2.710000
2.954000
2.854000
2.856000
2.711000
2.774000
2.787000
2.739000
2.766000
2.997000
2.767000
2.769000
2.767000
2.925000
2.744000
2.887000
3.614000
2.992000
3.205000
2.812000
3.353000
3.326000
2.751000
2.743000
2.767000
2.787000
2.740000
2.990000
2.814000
2.785000
2.898000
2.864000
2.871000
2.770000
3.552000
2.749000
2.802000
3.278000
2.870000
3.162000
3.220000
3.134000
3.036000
2.896000
2.827000
3.463000
2.834000
3.334000
3.425000
3.416000
2.790000
3.346000
2.787000
2.820000
2.855000
3.240000
3.459000
2.848000
2.795000
2.902000
2.864000
2.856000
2.859000
2.747000
2.749000
3.275000
2.651000
2.794000
3.275000
2.868000
3.627000
3.453000
2.915000
2.832000
2.821000
2.605000
4.005000
3.168000
3.335000
3.070000
3.200000
3.499000
3.459000
3.378000
3.433000
3.196000
3.237000
3.206000
3.190000
3.151000
3.722000
3.051000
2.887000
3.062000
2.955000
3.062000
2.943000
2.939000
2.872000
2.932000
2.830000
3.163000
3.240000
2.906000
3.021000
3.136000
3.210000
4.331000
3.558000
3.532000
3.465000
3.209000
3.241000
3.088000
3.191000
3.220000
3.266000
3.387000
3.825000
3.778000
3.261000
3.086000
3.100000
3.088000
3.164000
3.148000
3.695000
3.814000
3.616000
3.289000
3.878000
3.040000
3.414000
3.176000
3.084000
3.438000
3.054000
3.075000
3.641000
3.038000
3.078000
2.885000
3.693000
3.617000
2.998000
3.383000
3.063000
2.810000
2.891000
2.799000
2.947000
2.867000
2.987000
18.199000
2.773000
3.297000
2.789000
2.762000
3.189000
3.012000
3.032000
3.408000
2.914000
2.988000
2.842000
3.196000
2.748000
2.772000
2.727000
2.902000
2.669000
2.860000
2.865000
2.938000
2.815000
2.721000
2.903000
2.809000
2.926000
2.988000
2.895000
2.881000
2.819000
3.398000
2.977000
3.230000
2.814000
2.794000
2.752000
2.764000
2.734000
2.858000
2.895000
2.737000
2.859000
2.875000
3.034000
2.993000
2.800000
3.052000
3.462000
2.832000
3.097000
2.830000
3.218000
2.888000
2.778000
2.915000
2.873000
2.906000
3.428000
2.944000
3.403000
2.712000
2.833000
2.739000
3.226000
2.873000
3.134000
2.805000
3.022000
2.904000
2.958000
2.820000
10.438000
2.910000
2.729000
2.901000
2.877000
2.923000
2.948000
2.964000
2.858000
2.892000
2.948000
3.417000
2.866000
2.800000
2.808000
2.876000
2.966000
2.795000
2.786000
2.818000
2.927000
2.929000
2.902000
2.870000
2.909000
2.749000
3.192000
2.807000
2.858000
2.848000
2.884000
2.750000
3.278000
2.814000
2.752000
3.418000
2.788000
3.260000
2.916000
3.318000
2.787000
3.238000
3.309000
3.008000
3.430000
3.202000
2.948000
3.320000
3.318000
2.890000
2.753000
2.920000
2.786000
2.822000
2.817000
3.275000
2.821000
3.142000
2.832000
3.016000
3.206000
2.858000
3.519000
2.792000
2.804000
2.784000
2.930000
2.920000
2.872000
2.752000
3.323000
3.201000
2.736000
2.788000
3.384000
2.866000
3.324000
2.795000
3.346000
2.827000
3.079000
2.822000
3.148000
2.957000
2.803000
3.415000
2.941000
3.593000
2.935000
2.651000
3.009000
3.145000
3.160000
3.540000
3.267000
2.784000
2.764000
3.372000
2.807000
2.684000
2.796000
2.981000
3.164000
3.725000
3.043000
3.631000
3.542000
3.285000
2.991000
3.104000
3.065000
2.768000
2.590000
2.709000
2.849000
2.953000
2.937000
3.323000
2.786000
2.854000
3.292000
2.994000
3.073000
2.930000
3.003000
2.955000
2.894000
3.075000
2.865000
2.889000
2.966000
2.744000
2.835000
2.781000
2.776000
3.161000
3.297000
3.308000
3.328000
2.890000
11.352000
3.500000
3.393000
3.880000
3.313000
3.311000
3.329000
5.588000
3.209000
3.085000
2.999000
3.057000
3.109000
3.170000
3.057000
3.602000
3.170000
3.615000
3.339000
3.159000
2.997000
2.968000
2.933000
2.963000
3.367000
3.817000
4.360000
3.722000
3.537000
3.582000
4.028000
3.392000
4.012000
3.925000
3.142000
3.658000
3.253000
3.251000
3.429000
4.193000
3.160000
3.110000
3.564000
3.233000
3.158000
3.083000
3.132000
3.128000
