90361
1945
2557
1681
1597
1561
2497
1561
1584
1560
1549
1549
1584
1597
1561
1573
1560
1573
2329
1608
1549
1597
1560
1572
1573
1597
1560
1572
1573
1597
1560
1573
1573
1597
1560
1573
1573
1597
1560
1573
2365
1608
1561
1573
1572
1584
1573
1573
1572
1585
1573
1573
1572
1585
1573
1573
1572
1585
1573
1573
1572
1585
1573
1572
1572
1585
1573
1572
1572
1597
1573
1572
1572
1597
1573
1572
1573
1585
1573
1572
1573
1585
1573
2353
1597
1584
1572
1573
1573
1596
1572
1573
1573
1596
1573
1573
1573
1596
1573
1573
